366 475 435 343 426 314 422 224 366 409 406 354 479 431 424 380 
245 391 377 312 379 295 351 221 279 337 345 303 430 335 387 365 
198 305 371 324 361 280 295 231 238 319 335 297 381 310 334 359 
388 393 425 295 476 302 404 301 291 486 398 302 478 403 443 387 
352 374 462 385 409 316 395 271 316 464 370 333 427 406 403 407 
382 451 465 330 440 328 425 232 316 390 376 340 460 456 446 363 
412 446 440 322 471 376 496 253 361 498 384 347 455 422 412 407 
384 370 389 252 393 278 382 268 267 410 303 286 385 388 344 319 
341 404 420 234 406 264 334 249 257 322 388 289 371 396 377 434 
348 339 384 289 392 255 352 250 303 407 345 289 397 361 360 336 
322 420 376 263 402 231 361 207 319 369 345 333 471 393 404 335 
448 419 479 334 491 283 427 324 364 487 408 376 491 481 437 378 
414 404 493 293 498 280 500 255 338 492 326 372 471 412 508 389 
449 471 541 437 566 383 564 266 396 537 426 381 512 488 536 462 
199 241 241 226 295 150 252 155 192 272 220 181 308 231 298 246 
395 421 442 288 485 268 437 272 313 456 357 315 463 418 463 426 
