0 0 3 0 0 0 21 42 0 35 0 0 0 0 0 48 
0 0 9 0 0 27 0 0 0 0 0 0 0 0 0 0 
0 0 0 0 0 0 0 0 0 0 0 0 0 0 0 0 
0 0 0 0 0 0 0 0 0 0 0 0 0 0 0 0 
0 0 0 0 0 0 0 0 0 0 0 0 0 0 0 0 
0 0 0 0 0 27 0 0 0 0 0 0 0 0 0 0 
30 35 0 0 0 0 0 0 0 0 0 0 0 25 0 0 
27 63 6 0 0 0 6 0 0 0 0 0 0 45 0 0 
0 0 0 0 0 0 21 0 0 0 0 0 0 0 0 0 
0 0 0 0 0 0 0 0 36 0 18 45 0 0 0 0 
21 49 0 0 0 0 0 0 0 0 0 0 0 35 0 0 
0 0 0 6 5 0 8 0 0 0 0 0 0 0 0 0 
0 0 6 0 0 0 9 0 0 0 0 0 0 0 0 48 
0 0 0 0 0 0 0 0 0 0 0 0 0 0 0 30 
0 0 9 0 0 0 0 0 0 0 0 0 0 0 0 0 
0 0 0 0 0 0 0 0 0 48 0 16 0 0 0 0 
