260 284 423 408 388 321 296 365 370 285 350 388 406 328 365 400 
280 240 325 311 304 225 291 263 275 228 308 358 293 235 269 384 
270 254 378 335 300 228 245 217 250 302 346 304 348 245 283 346 
363 291 578 485 434 373 317 440 451 354 424 466 514 380 425 500 
218 234 312 306 275 210 243 256 287 268 310 274 275 222 258 306 
325 264 522 432 414 323 378 477 501 357 421 418 499 357 393 491 
290 234 395 394 337 301 232 368 343 308 374 351 425 329 324 402 
426 309 513 494 372 373 416 422 434 344 511 413 472 368 339 547 
346 319 362 367 310 259 348 239 304 263 349 341 404 260 291 394 
282 272 381 439 299 249 234 271 298 216 363 311 349 324 306 338 
357 390 462 443 378 289 431 358 432 286 375 447 462 340 368 464 
218 147 359 303 314 215 254 321 342 295 298 303 339 253 250 342 
230 206 337 271 325 246 268 282 358 242 289 320 373 234 253 351 
288 273 397 367 431 330 355 364 406 285 310 452 418 304 333 448 
339 244 440 412 435 330 316 369 389 286 382 363 453 292 422 420 
385 366 579 518 511 381 369 538 598 372 475 521 626 443 497 566 
