367 326 291 330 352 388 253 206 334 274 225 333 342 199 266 276 
409 315 385 404 235 405 231 261 358 288 276 401 324 330 344 310 
393 259 332 336 258 343 223 243 348 250 319 368 319 325 228 365 
329 276 429 430 336 360 285 334 226 312 178 392 229 335 302 293 
264 193 247 213 227 229 176 174 163 254 149 259 199 226 216 224 
388 250 247 252 214 326 173 164 302 158 285 315 283 220 264 278 
265 242 395 397 249 297 277 273 220 253 158 320 207 295 289 211 
427 268 346 343 249 390 238 270 316 211 273 376 324 331 247 349 
427 347 465 512 325 468 350 385 357 336 306 426 318 384 362 343 
284 240 361 372 238 309 209 248 260 232 176 315 231 245 283 270 
243 244 297 356 215 322 220 270 213 225 151 265 193 259 254 184 
340 257 364 406 272 349 240 260 277 264 209 285 245 323 339 264 
373 294 358 372 285 371 304 316 291 230 218 302 254 297 317 216 
336 263 304 301 222 322 193 274 242 204 222 351 215 259 260 275 
365 300 308 371 224 385 210 224 375 253 269 313 324 252 299 281 
385 319 329 395 301 418 292 277 344 217 264 337 345 332 288 282 
