0 0 0 0 0 0 0 0 0 0 0 0 0 0 0 0 
0 9 0 15 8 64 27 0 0 0 0 9 27 0 0 8 
0 0 0 0 4 32 0 0 0 0 0 0 0 0 0 4 
0 27 24 45 0 0 93 0 0 0 0 0 10 0 0 0 
0 0 63 0 0 0 0 63 0 0 0 0 0 0 0 18 
18 0 21 0 12 0 0 7 14 0 0 5 41 0 0 2 
0 0 0 0 0 0 0 0 0 0 0 0 0 0 0 0 
0 0 0 0 0 0 0 0 0 0 0 0 0 0 0 0 
0 0 0 0 0 0 0 0 0 0 0 0 0 0 0 0 
0 0 0 0 2 16 0 0 0 0 0 0 16 0 0 2 
0 75 0 35 0 0 63 0 0 0 0 0 4 0 18 0 
0 0 0 0 0 18 0 0 0 0 0 0 0 0 0 0 
0 0 0 0 0 0 0 0 0 0 0 0 0 0 0 0 
0 0 12 0 0 0 0 0 0 0 0 0 0 0 0 0 
0 0 0 0 0 18 0 0 0 72 0 0 0 0 0 0 
0 0 0 0 0 0 0 0 0 0 0 0 0 0 0 0 
