0 0 0 0 14 0 0 0 63 0 12 39 6 0 0 0 0 0 5 0 0 42 0 0 0 0 0 0 0 0 0 0 35 0 42 57 56 12 72 0 48 0 0 63 0 0 63 21 67 15 20 0 64 5 0 0 0 0 0 0 45 0 0 0 
0 51 0 0 0 0 3 74 0 20 0 0 0 0 28 0 0 0 3 0 0 0 0 6 0 81 54 28 42 8 0 0 0 0 0 0 42 0 56 0 36 0 9 0 36 0 0 32 18 2 12 0 48 3 0 0 0 36 0 0 27 48 0 48 
0 9 7 63 0 0 9 45 0 0 0 0 0 0 0 0 0 0 0 0 0 0 0 18 0 0 14 0 0 0 27 0 0 0 0 0 0 0 6 0 0 0 0 7 0 0 0 0 45 6 14 45 0 72 35 28 36 0 0 0 0 0 28 0 
0 0 0 0 1 36 0 72 0 0 20 20 0 28 0 0 0 0 62 0 0 0 75 0 16 0 0 24 0 0 0 0 0 16 0 25 0 0 0 0 0 84 16 0 0 9 0 0 25 25 16 0 56 0 0 0 0 0 0 35 0 72 28 0 
82 0 15 0 10 0 45 0 0 0 35 34 0 0 0 36 28 0 0 18 0 9 40 0 50 67 42 0 0 12 0 0 18 0 24 30 68 12 54 63 83 0 29 103 72 0 45 96 38 49 0 63 64 39 26 4 0 30 0 92 0 0 16 15 
0 0 0 0 0 0 0 48 0 0 0 0 0 18 0 0 0 0 0 0 4 0 0 0 0 0 18 0 0 18 0 0 0 0 54 24 0 18 0 48 52 0 9 0 42 0 0 0 0 0 0 0 36 0 18 0 0 0 0 22 0 0 8 0 
0 0 0 6 0 0 0 0 36 0 9 0 0 0 0 0 72 40 0 0 4 64 8 32 18 0 48 28 32 0 0 3 36 0 21 15 16 64 72 24 52 0 0 40 0 6 0 16 39 0 0 36 84 0 0 0 0 0 0 0 27 36 0 6 
0 0 0 35 0 0 15 25 0 0 0 0 0 0 0 0 81 45 0 0 0 72 9 0 0 0 54 0 36 0 15 0 0 0 10 0 23 72 9 27 6 0 0 45 0 0 0 0 28 0 0 25 8 40 45 0 20 0 0 70 0 0 28 0 
71 3 25 0 0 0 3 18 0 0 0 20 24 0 0 48 0 0 0 18 0 0 48 22 40 18 0 0 0 0 8 0 74 18 62 0 21 0 2 45 36 10 53 40 72 72 0 56 24 2 0 63 32 18 0 0 12 8 5 72 0 0 40 12 
0 48 0 30 48 0 0 120 0 111 0 59 32 18 54 0 123 87 0 0 0 72 67 0 36 72 102 0 64 30 56 0 54 108 0 54 32 72 0 27 0 94 8 53 0 0 0 0 0 0 0 0 22 0 0 0 48 34 0 0 30 35 0 3 
24 0 40 0 8 0 0 0 0 0 0 35 12 0 0 10 0 16 0 0 0 0 14 12 0 6 0 4 0 0 6 0 42 0 48 16 24 0 0 72 0 0 72 56 0 54 0 0 0 0 0 0 56 0 21 6 0 14 8 0 0 0 30 21 
16 0 6 0 20 0 0 0 0 81 0 30 0 0 0 0 54 54 0 0 0 0 84 0 20 0 0 0 36 12 72 0 0 0 0 0 18 0 0 0 8 0 0 48 0 0 0 0 0 0 0 0 66 0 0 0 0 12 0 0 0 45 0 18 
0 0 0 0 0 54 25 0 0 0 0 46 2 42 0 72 0 0 0 0 0 5 0 0 24 8 0 36 0 0 0 16 0 0 0 0 0 4 30 0 15 0 10 10 0 0 0 30 0 0 64 0 40 0 0 0 0 0 0 0 0 0 0 0 
0 0 0 24 0 0 0 84 24 0 3 0 28 0 0 0 0 40 0 0 19 0 0 0 56 0 0 32 0 27 24 0 6 63 0 0 0 9 0 48 25 35 61 0 0 0 0 32 0 0 0 0 48 0 56 0 42 0 0 72 0 0 0 0 
0 0 0 0 0 45 3 8 0 0 0 15 0 35 36 0 0 0 0 0 0 0 6 0 44 0 0 30 0 20 0 0 36 0 0 36 0 0 0 0 0 0 0 24 0 0 0 0 0 0 20 0 24 0 0 0 0 6 0 0 20 0 0 9 
0 40 2 0 0 0 0 9 135 45 24 32 76 24 0 18 30 30 0 0 0 48 40 56 0 2 4 49 20 0 40 4 135 9 48 30 10 0 0 0 16 5 0 2 0 64 0 52 30 30 14 63 55 0 10 8 6 0 0 0 0 88 40 0 
0 56 0 35 56 0 0 18 0 56 0 63 12 21 0 63 0 0 0 0 0 0 0 12 36 0 0 0 0 0 6 0 42 42 0 0 0 0 0 0 0 27 0 0 0 54 9 0 0 0 0 0 0 0 0 0 0 0 0 18 0 0 30 0 
0 0 0 0 32 45 0 56 72 0 0 0 0 56 0 40 0 64 0 0 0 48 0 0 20 36 24 46 0 0 0 0 40 0 111 92 0 0 0 56 56 0 4 0 49 0 0 24 0 0 20 0 0 0 0 0 0 16 0 14 0 0 0 0 
0 48 0 56 0 6 0 114 0 38 0 25 2 0 28 36 0 0 0 0 0 0 0 0 0 63 18 70 42 48 24 8 0 0 0 0 79 4 0 0 30 0 11 8 36 24 0 32 40 16 20 40 44 64 28 8 32 60 0 24 0 48 0 48 
0 26 0 0 0 54 16 72 0 81 0 86 124 54 0 0 63 0 0 0 45 2 12 83 24 10 0 36 0 0 4 0 44 72 0 0 40 78 16 0 14 40 4 52 0 68 0 12 0 4 24 0 48 0 35 10 48 21 0 0 0 0 36 18 
0 16 0 0 1 0 0 18 0 0 0 30 0 0 18 0 0 0 6 8 0 0 15 0 12 8 0 0 6 10 0 0 26 0 0 18 19 0 0 0 16 0 8 56 44 9 0 0 0 0 0 28 48 8 0 0 0 12 0 32 10 16 0 34 
0 0 0 0 61 0 0 26 105 63 0 28 28 42 54 122 49 51 24 0 35 28 26 49 127 70 0 46 0 30 42 28 117 49 21 126 0 98 0 42 0 0 35 0 0 71 0 28 0 0 56 0 77 0 49 0 0 7 77 77 30 0 49 21 
7 32 0 26 41 0 0 0 0 32 9 52 0 12 15 42 18 40 54 0 0 16 34 0 23 4 12 35 8 0 0 11 0 24 25 15 66 16 0 6 0 0 32 42 0 87 0 7 38 0 20 0 20 0 0 0 0 5 0 0 27 0 0 6 
42 30 0 18 9 0 0 18 0 9 27 0 66 18 0 36 7 0 54 0 5 0 57 7 84 3 0 0 0 5 0 9 24 18 87 45 12 6 0 0 12 10 0 0 0 147 0 42 63 2 0 0 3 0 0 0 12 1 0 0 81 0 24 18 
0 0 0 0 12 0 0 12 0 0 0 63 30 0 0 0 0 0 0 0 0 0 0 16 0 0 0 0 0 0 8 0 56 0 0 36 48 28 0 0 0 18 0 54 0 72 54 0 24 0 0 0 0 0 0 0 0 0 0 0 0 0 40 0 
35 48 0 0 0 0 1 42 99 72 0 30 0 0 0 30 48 48 0 0 0 48 101 24 25 0 10 21 50 10 64 0 67 0 68 0 68 10 54 0 36 0 5 48 36 0 0 71 33 0 0 27 147 0 10 0 0 12 0 0 0 115 0 66 
0 0 0 6 101 0 20 112 56 15 9 58 12 27 93 0 0 0 0 0 0 4 16 0 93 54 36 37 18 73 32 19 144 0 102 123 40 24 24 72 84 0 78 72 63 46 0 48 15 0 0 0 0 0 0 0 0 24 32 34 67 0 0 30 
27 34 45 0 0 0 9 10 25 0 0 0 0 30 0 91 0 0 0 0 0 20 0 43 62 63 12 0 0 0 10 0 0 35 69 40 25 70 6 81 0 0 123 40 0 0 8 0 0 6 15 0 0 0 0 40 0 8 44 16 0 0 35 0 
0 0 0 20 12 28 0 48 90 0 20 0 14 18 0 32 0 0 0 0 20 0 0 62 0 0 0 70 0 0 35 0 103 20 54 60 48 0 8 48 48 0 0 98 74 63 54 56 24 0 0 54 30 0 0 0 24 0 24 12 12 54 35 0 
0 0 0 0 0 0 0 0 67 0 0 0 0 0 0 0 0 0 0 0 0 42 0 0 0 0 0 0 0 0 0 0 35 0 42 0 0 3 5 0 0 0 0 0 0 0 0 21 0 0 0 0 0 0 0 0 0 0 0 0 0 0 2 0 
0 0 0 0 0 0 0 48 0 0 49 24 0 0 0 0 20 0 0 0 0 0 0 0 0 0 0 0 5 0 0 0 0 0 40 30 0 0 0 45 0 72 0 0 0 0 0 0 30 65 0 0 0 15 15 0 0 0 0 0 0 0 0 0 
0 124 0 0 0 0 0 108 18 0 0 0 63 21 72 0 0 0 0 88 0 81 0 97 48 30 0 0 24 40 0 63 116 0 0 72 142 30 0 0 46 54 102 48 112 56 36 0 0 9 0 56 0 16 49 54 0 0 0 64 40 64 28 64 
21 0 51 0 0 0 39 0 12 63 30 24 28 0 0 0 73 0 21 42 35 0 0 49 0 0 18 0 0 0 54 27 0 12 0 0 0 42 0 54 24 0 0 33 0 12 0 0 0 42 48 6 0 39 45 36 3 7 0 0 0 0 72 15 
0 0 0 0 0 54 0 0 0 0 0 24 8 42 3 54 0 6 0 10 0 0 0 8 24 16 0 43 0 0 4 12 38 0 0 0 8 0 0 0 20 0 0 0 40 36 0 0 4 0 54 35 30 10 0 0 0 1 0 40 0 0 20 0 
0 27 0 0 56 0 27 60 66 0 24 24 0 0 54 0 0 0 7 40 0 45 25 94 36 0 0 16 0 30 32 51 126 2 0 84 0 0 18 0 0 69 32 0 0 40 20 0 30 53 0 0 7 0 0 0 0 0 32 16 30 9 0 24 
40 0 46 45 0 0 18 0 81 0 28 28 0 0 0 72 0 0 0 0 0 0 0 0 8 0 0 63 0 0 0 0 0 0 60 35 6 0 0 72 8 0 72 45 54 0 0 0 35 35 0 0 0 0 54 0 0 0 62 42 0 0 0 0 
0 0 8 0 40 0 0 9 18 0 0 0 4 0 0 0 0 0 0 0 0 0 0 16 24 0 16 14 2 24 0 0 18 9 16 0 0 0 0 0 0 5 0 8 0 0 0 8 0 0 16 18 10 0 46 32 6 0 0 0 0 18 32 0 
0 0 0 0 0 0 0 0 0 0 20 60 8 0 6 54 16 12 0 0 0 0 0 0 0 18 6 14 0 6 0 12 0 0 0 0 64 22 0 36 0 0 3 0 0 0 0 0 8 28 30 0 42 12 48 12 0 2 0 0 0 0 0 0 
14 0 0 0 10 0 0 0 0 0 0 54 12 0 0 12 18 10 0 0 0 16 12 0 16 0 12 0 8 6 0 0 0 0 8 0 8 40 0 6 0 0 0 10 0 0 0 14 6 0 0 0 0 0 0 0 0 0 0 0 0 0 0 0 
25 8 30 5 13 0 9 0 0 26 0 17 0 3 0 18 12 12 7 0 0 0 16 0 3 20 0 0 8 33 20 13 0 10 36 0 4 0 0 54 0 0 54 0 0 4 0 0 0 12 10 2 32 7 0 0 1 0 6 0 0 10 0 5 
0 64 0 0 0 5 0 56 0 15 0 0 0 0 0 0 27 15 0 0 5 24 3 0 0 8 18 35 36 0 0 40 0 0 0 0 94 24 0 9 25 0 0 15 48 20 0 0 10 0 0 5 0 0 28 8 0 40 0 20 0 64 0 64 
0 0 0 0 20 0 0 0 0 0 0 0 0 0 0 53 0 40 0 0 6 0 0 0 16 0 0 10 0 0 0 48 0 0 0 40 0 0 0 0 0 0 0 0 0 0 4 0 12 0 0 6 0 0 0 0 0 0 0 8 0 0 0 0 
0 40 0 0 0 0 0 0 4 0 0 36 72 24 0 81 0 0 0 0 0 0 0 0 0 9 0 0 0 0 0 18 32 0 0 0 0 3 5 0 16 0 0 0 0 64 0 0 0 0 45 0 45 0 0 0 0 0 0 0 0 0 34 0 
27 0 45 88 20 45 0 79 45 47 10 0 0 28 37 40 0 0 0 0 10 0 0 0 34 0 0 150 24 25 41 0 9 0 54 9 0 0 0 81 45 0 81 37 30 36 0 48 45 0 16 45 0 72 0 0 48 72 39 36 11 0 0 0 
40 0 15 0 0 36 0 18 63 0 0 28 0 28 18 8 0 36 0 0 0 42 0 0 36 0 2 66 8 30 0 0 35 20 106 0 48 2 0 0 20 27 1 28 0 0 0 21 24 0 16 0 4 0 26 0 0 6 0 0 0 0 0 0 
0 0 1 0 0 0 0 0 0 0 0 0 0 0 0 0 0 0 0 0 0 0 0 0 0 0 2 0 0 0 0 0 0 0 0 0 0 0 0 0 0 0 0 1 0 0 0 0 0 0 2 0 0 0 5 4 0 0 0 0 0 0 4 0 
0 0 6 0 0 0 20 0 0 0 0 4 0 0 0 0 0 0 0 0 0 4 0 0 0 0 12 0 0 0 0 0 0 0 0 0 0 0 24 0 12 0 8 14 0 0 0 24 0 0 12 0 0 0 30 24 0 0 0 10 0 0 32 0 
0 0 0 0 12 0 9 8 20 63 0 0 0 24 0 28 42 42 0 0 0 16 56 0 24 54 12 0 28 0 64 0 0 28 18 68 65 32 81 0 54 0 2 54 0 0 54 0 51 0 12 0 86 0 27 0 0 8 28 21 0 35 28 0 
14 0 0 0 24 0 8 67 0 0 25 0 32 0 18 42 20 48 0 0 0 0 10 4 22 0 0 12 0 10 2 0 32 63 8 66 49 0 0 45 0 35 72 72 0 18 0 14 6 35 0 0 0 15 0 0 42 0 0 40 10 0 42 0 
0 32 0 0 0 63 0 28 6 0 45 28 0 0 3 63 0 6 8 24 45 27 0 24 0 7 0 7 12 0 63 35 0 45 0 0 36 0 18 0 0 0 18 54 42 0 12 72 4 3 67 0 35 8 0 0 54 1 0 0 99 32 0 32 
0 45 0 0 0 0 15 48 4 0 0 0 0 0 0 0 0 0 56 16 3 18 72 76 0 0 0 0 0 0 0 38 0 16 0 0 0 36 28 0 12 48 28 0 0 0 8 0 12 12 0 3 72 0 0 48 0 0 0 0 0 72 0 0 
0 45 0 0 0 0 1 54 36 0 0 0 0 0 0 0 0 0 63 0 0 24 81 45 0 0 0 0 0 0 0 0 20 18 24 0 0 54 0 0 0 54 18 0 0 0 0 12 0 0 0 0 63 0 0 72 0 0 0 0 0 81 0 0 
56 0 0 0 12 0 72 0 0 0 0 0 0 0 0 15 0 24 59 0 0 0 0 0 0 0 0 6 0 0 32 72 0 32 0 24 0 0 0 0 0 0 0 0 0 32 0 0 0 0 12 16 0 59 0 0 8 0 0 0 27 0 0 40 
6 0 10 0 36 0 25 40 56 0 0 26 0 15 0 51 0 72 0 8 0 50 0 8 0 0 0 18 0 21 0 7 30 15 93 92 0 0 30 58 55 0 34 31 35 0 4 48 0 1 0 0 0 0 0 0 0 0 2 10 0 0 0 0 
40 52 15 20 95 0 0 54 106 104 0 36 36 24 0 0 48 73 63 0 0 0 163 0 55 0 0 38 32 0 100 18 97 42 0 0 16 21 35 30 28 54 43 0 0 77 0 20 0 0 0 0 109 0 35 0 0 0 36 63 0 121 30 27 
0 0 0 0 0 0 21 18 90 0 0 0 0 54 0 91 0 0 0 0 0 36 0 40 70 81 0 35 0 0 18 0 45 63 41 72 42 72 0 0 0 0 56 56 0 0 4 20 0 0 27 45 25 0 63 0 0 0 63 57 0 45 63 0 
18 75 30 0 0 78 12 0 63 0 0 0 62 46 0 0 81 45 0 0 0 72 9 109 16 0 54 73 36 0 4 0 115 30 44 0 22 126 12 81 12 0 54 45 12 84 0 28 0 0 16 63 35 0 36 72 0 0 6 28 0 63 44 0 
8 0 24 0 15 0 6 0 90 0 5 113 18 0 0 0 4 0 0 71 0 54 8 112 13 20 12 56 9 9 21 42 74 0 72 0 0 36 0 9 20 0 38 44 8 0 24 32 0 13 15 79 72 5 27 0 0 16 0 28 0 72 34 12 
70 0 39 0 32 0 63 0 0 0 0 0 0 0 0 47 0 64 49 0 0 0 0 0 4 0 8 16 0 0 28 63 0 28 42 64 0 0 0 63 0 0 63 4 0 28 1 0 0 0 8 14 0 49 20 16 7 0 7 2 0 0 16 35 
0 25 0 0 0 0 0 4 20 0 0 0 45 27 0 63 0 0 0 40 0 53 0 40 40 18 0 0 9 0 4 35 20 14 78 16 0 16 0 0 10 0 30 0 0 40 27 0 0 5 6 0 0 0 27 0 0 0 14 14 0 0 34 0 
0 0 0 0 0 0 0 113 0 35 0 0 10 18 49 63 0 0 0 0 0 0 0 6 36 0 0 49 48 14 3 0 21 9 102 24 0 0 0 48 48 5 0 0 42 27 9 56 0 0 0 0 0 0 18 0 6 0 0 30 0 0 15 0 
0 5 0 0 0 0 0 45 24 0 30 32 20 0 0 72 0 40 0 0 34 0 0 5 56 8 0 32 0 0 42 16 0 45 0 0 40 6 36 48 28 25 104 100 0 0 0 80 12 0 40 0 120 0 56 8 66 0 0 72 18 0 0 0 
16 0 20 0 49 0 9 6 64 0 0 0 0 18 0 21 0 0 7 0 0 12 14 0 18 27 10 14 0 0 38 23 63 25 27 24 5 24 0 27 0 0 35 13 0 39 0 0 0 0 19 2 0 7 25 20 1 0 52 14 0 0 41 26 
42 0 0 14 5 0 0 0 72 0 21 0 0 0 0 36 0 0 0 0 0 48 30 0 75 0 0 0 0 3 0 7 40 0 121 35 12 0 9 0 6 0 0 0 0 14 0 66 56 0 0 0 8 0 0 0 0 0 0 0 63 0 0 14 
