1618 1164 1303 1501 1410 1343 1286 1603 1104 1163 1273 1481 1266 1362 1321 1390 1262 1133 1370 1426 1229 1405 1136 1257 1216 1252 1518 1231 1472 1287 1448 1362 1372 1440 1327 1366 1343 1242 1497 1391 1339 1287 1296 1553 1276 1234 1344 1211 1455 1445 1110 1472 1091 1406 1178 1157 1232 1330 1568 1375 1343 1364 1416 1557 
1331 1023 831 1114 1003 1142 1152 1229 888 1008 1005 1225 982 1115 1166 1107 1078 1142 1105 1304 976 1333 1065 1154 997 1027 1064 1071 1223 1142 1204 1141 1116 1161 1079 1068 976 1016 1082 1270 1222 1117 1043 1222 973 977 988 1175 1314 1300 977 1219 1120 1099 1067 972 908 1176 1436 1141 1074 1102 1080 1157 
1486 1121 1187 1334 1223 1284 1288 1451 1011 1044 1133 1370 1015 1347 1273 1282 1231 1258 1270 1268 1214 1269 1125 1240 1209 1203 1433 1119 1389 1127 1225 1078 1158 1228 1101 1194 1334 1216 1304 1179 1376 1276 1177 1485 1353 1141 1212 1163 1366 1281 1042 1238 1128 1306 1266 1196 1115 1371 1502 1205 1227 1248 1400 1299 
1599 1025 1023 1316 1206 1242 1133 1419 1037 1144 1271 1370 1120 1317 1370 1276 1241 1330 1349 1284 966 1421 1319 1397 1288 1181 1345 1338 1313 1421 1303 1374 1198 1274 1189 1340 1255 1323 1390 1463 1304 1187 1290 1415 1106 1148 1162 1240 1545 1403 1123 1425 1266 1347 1187 1179 1155 1313 1563 1284 1203 1311 1210 1368 
1666 1171 1297 1341 1326 1286 1353 1545 1094 1162 1211 1428 1214 1462 1329 1405 1221 1340 1569 1423 1158 1606 1251 1419 1424 1320 1556 1402 1340 1364 1429 1369 1253 1407 1355 1376 1400 1301 1407 1375 1363 1338 1388 1509 1383 1292 1343 1261 1531 1462 1080 1351 1359 1378 1204 1373 1277 1469 1609 1345 1300 1439 1317 1546 
1408 1114 1090 1114 1265 1189 1218 1517 962 1072 1152 1465 1124 1337 1305 1131 1071 1174 1358 1434 1151 1490 1184 1340 1165 1154 1446 1292 1240 1220 1365 1314 1235 1291 1165 1270 1093 1088 1301 1365 1381 1147 1098 1397 1203 1216 1180 1228 1448 1334 965 1172 1087 1289 1115 1086 993 1319 1500 1177 1305 1215 1303 1270 
1544 1196 1234 1374 1433 1372 1246 1552 1171 1171 1381 1548 1080 1391 1417 1265 1293 1402 1364 1547 1186 1523 1234 1380 1177 1258 1421 1344 1491 1337 1425 1391 1264 1395 1343 1233 1199 1273 1425 1334 1460 1183 1257 1528 1342 1221 1170 1192 1508 1510 1136 1450 1267 1493 1431 1249 1065 1486 1628 1289 1212 1331 1341 1493 
1697 1038 1119 1366 1275 1337 1277 1535 1151 1064 1242 1418 1245 1414 1384 1264 1290 1319 1329 1341 1172 1398 1192 1370 1215 1232 1493 1296 1451 1364 1372 1348 1150 1232 1157 1330 1340 1323 1422 1346 1310 1207 1252 1450 1282 1321 1271 1271 1498 1307 1056 1314 1094 1392 1150 1241 1125 1434 1421 1199 1149 1361 1376 1429 
1479 981 1186 1330 1278 1285 1344 1564 1118 1043 1113 1400 1065 1313 1248 1263 1205 1141 1326 1372 1133 1308 1039 1221 1230 1245 1528 1388 1511 1242 1358 1240 1107 1329 1157 1327 1285 1183 1396 1146 1317 1143 1369 1462 1161 1191 1301 1197 1377 1239 1092 1327 1065 1367 1117 1183 1127 1319 1558 1178 1232 1276 1336 1461 
1554 1261 1253 1437 1405 1221 1360 1500 1172 1250 1157 1551 1213 1406 1219 1323 1315 1406 1419 1370 1092 1494 1185 1351 1283 1228 1537 1443 1414 1295 1347 1274 1211 1492 1429 1439 1246 1378 1320 1400 1294 1267 1464 1524 1351 1245 1361 1317 1450 1407 1200 1397 1368 1437 1229 1396 1209 1435 1559 1406 1236 1404 1352 1488 
1674 1099 1180 1463 1373 1447 1351 1600 1122 1191 1314 1516 1199 1579 1423 1571 1327 1386 1425 1562 1103 1508 1358 1290 1292 1294 1552 1389 1580 1400 1641 1351 1302 1455 1298 1350 1413 1311 1511 1412 1448 1234 1438 1551 1427 1246 1339 1440 1635 1441 1196 1445 1406 1406 1222 1235 1242 1432 1756 1176 1218 1395 1447 1535 
1590 1185 1169 1423 1362 1417 1432 1557 1035 1133 1199 1487 1187 1386 1260 1430 1427 1335 1358 1584 1191 1507 1175 1427 1312 1251 1472 1438 1368 1306 1415 1466 1275 1446 1345 1347 1225 1229 1407 1465 1420 1309 1405 1505 1147 1320 1190 1345 1500 1418 1129 1394 1277 1473 1258 1233 1138 1399 1580 1239 1240 1390 1331 1517 
1608 1048 1086 1262 1267 1331 1229 1467 1137 1161 1125 1449 1154 1327 1306 1393 1284 1256 1243 1368 1022 1288 1152 1269 1166 1202 1409 1333 1268 1209 1331 1364 1239 1371 1150 1270 1295 1263 1367 1418 1364 1209 1293 1297 1191 1113 1176 1283 1416 1226 1217 1386 1189 1337 1067 1212 1017 1282 1462 1306 1144 1240 1247 1329 
1461 1025 1099 1209 1211 1069 1154 1527 984 1018 987 1324 1041 1200 1244 1276 1253 1203 1235 1368 940 1402 1242 1150 1159 1046 1348 1292 1219 1255 1357 1291 1124 1323 1213 1226 1122 1241 1198 1293 1286 1132 1309 1215 1213 1278 1224 1208 1435 1121 901 1354 1223 1100 1171 1233 1015 1379 1400 1200 1144 1188 1357 1340 
1561 1258 1182 1294 1312 1345 1226 1521 1184 1228 1263 1531 1219 1356 1375 1398 1238 1461 1415 1616 1119 1452 1324 1428 1374 1250 1424 1356 1473 1283 1541 1338 1308 1447 1378 1261 1216 1209 1364 1482 1487 1248 1208 1383 1340 1207 1149 1287 1460 1444 1216 1473 1338 1389 1310 1215 1053 1430 1529 1306 1196 1381 1257 1456 
1489 924 1076 1362 1173 1197 1104 1276 1110 1072 1059 1308 948 1287 1329 1215 1095 1209 1310 1145 1117 1289 1099 1248 1250 1203 1318 1182 1171 1116 1179 1171 1106 1213 1088 1230 1324 1077 1244 1280 1238 1124 1178 1362 1169 976 1067 1114 1414 1320 1195 1290 1084 1373 1079 1224 1101 1242 1487 1205 1067 1341 1351 1178 
1639 1032 1232 1321 1449 1323 1314 1546 1129 1127 1164 1450 1086 1252 1450 1336 1233 1214 1320 1450 1040 1389 1091 1236 1198 1216 1422 1356 1284 1306 1411 1372 1234 1315 1246 1250 1252 1207 1329 1379 1432 1117 1227 1431 1197 1152 1138 1160 1463 1338 1097 1375 1081 1388 1204 1232 1048 1322 1542 1356 1168 1301 1320 1356 
1475 981 953 1251 1118 971 1102 1218 912 1022 945 1195 949 1232 1175 1265 1048 1145 1283 1236 943 1380 1129 1175 1195 1130 1240 1208 1098 1089 1155 1125 1026 1202 1124 1191 1249 1128 993 1151 1072 966 1153 1239 1153 1063 1078 1243 1255 1330 1005 1159 1223 1261 978 1184 1057 1306 1442 1252 1028 1183 1075 1139 
1479 1013 1014 1249 1239 1153 1103 1330 1025 1113 1048 1176 1095 1195 1218 1297 1151 1257 1182 1326 956 1272 1154 1162 1203 1175 1304 1104 1138 1224 1308 1204 1153 1306 1187 1237 1233 1108 1147 1299 1192 1168 1149 1345 1112 1073 1156 1164 1434 1276 986 1234 1139 1271 1000 1079 1054 1208 1272 1224 994 1245 1187 1191 
1599 1170 1287 1252 1403 1397 1382 1684 1118 1138 1332 1507 1350 1421 1325 1440 1249 1441 1373 1500 1164 1491 1265 1422 1303 1250 1508 1281 1349 1272 1424 1375 1356 1390 1362 1297 1316 1290 1472 1440 1477 1242 1312 1607 1336 1398 1277 1290 1511 1369 1045 1328 1250 1422 1231 1176 1143 1478 1546 1287 1222 1430 1315 1512 
1798 1295 1287 1484 1459 1338 1391 1641 1193 1315 1313 1522 1345 1448 1465 1506 1436 1412 1533 1591 1177 1661 1348 1447 1332 1274 1611 1487 1407 1494 1541 1628 1397 1546 1434 1480 1428 1392 1534 1602 1591 1442 1452 1519 1346 1253 1405 1363 1629 1490 1135 1543 1369 1463 1212 1359 1209 1449 1661 1415 1378 1419 1407 1672 
1710 1135 1141 1374 1428 1446 1449 1619 1260 1292 1293 1359 1195 1390 1435 1436 1491 1366 1374 1647 1321 1546 1263 1527 1343 1477 1494 1370 1455 1431 1651 1573 1400 1463 1393 1436 1319 1315 1365 1409 1470 1427 1379 1543 1308 1225 1305 1308 1638 1467 1140 1468 1248 1391 1382 1318 1173 1507 1542 1358 1268 1465 1485 1533 
1734 1118 1185 1389 1318 1246 1314 1576 998 1121 1214 1377 1271 1309 1292 1426 1355 1298 1429 1493 1199 1441 1308 1459 1434 1211 1461 1439 1315 1308 1494 1401 1327 1452 1375 1418 1275 1313 1407 1323 1413 1375 1332 1543 1262 1314 1314 1151 1483 1302 967 1425 1256 1333 1198 1303 1187 1473 1443 1246 1291 1497 1346 1457 
1937 1399 1343 1606 1599 1500 1346 1709 1256 1315 1424 1621 1290 1573 1615 1528 1381 1510 1563 1530 1275 1541 1344 1495 1579 1420 1648 1475 1553 1510 1556 1541 1399 1412 1302 1624 1443 1480 1461 1628 1527 1482 1541 1741 1465 1351 1424 1486 1634 1615 1313 1569 1323 1733 1391 1401 1368 1488 1784 1427 1462 1454 1643 1604 
1583 1120 1062 1326 1253 1256 1183 1441 980 1099 1044 1428 1156 1291 1288 1248 1281 1215 1352 1590 1046 1497 1239 1355 1179 1261 1418 1416 1408 1291 1389 1267 1191 1235 1306 1319 1196 1337 1224 1097 1357 1235 1393 1345 1298 1265 1268 1231 1326 1402 997 1309 1272 1302 1092 1231 1050 1415 1476 1198 1246 1369 1298 1407 
1735 1039 1174 1354 1391 1278 1313 1639 1151 1231 1218 1438 1210 1347 1410 1289 1217 1308 1364 1382 1071 1385 1162 1344 1356 1268 1435 1285 1445 1363 1426 1359 1247 1332 1321 1363 1340 1321 1388 1299 1297 1280 1397 1423 1154 1314 1353 1228 1437 1396 1094 1412 1243 1391 1177 1330 1205 1437 1439 1385 1162 1314 1369 1470 
1351 945 880 1008 965 938 1044 1219 773 888 896 1179 995 930 1032 1130 982 1037 1028 1169 890 1198 967 1109 1055 1008 1072 1095 1012 1110 1150 1088 1073 1102 1102 1158 938 1095 1049 1010 1011 1062 1004 1266 1073 1039 1009 1083 1155 1088 762 1065 916 1222 951 1118 890 1229 1197 944 1022 1077 1036 1172 
1673 1105 1256 1388 1404 1297 1359 1602 1119 1216 1237 1542 1291 1401 1452 1313 1260 1351 1486 1588 1076 1595 1365 1310 1339 1384 1506 1461 1468 1480 1641 1351 1287 1479 1291 1378 1272 1341 1494 1433 1426 1265 1279 1473 1305 1308 1330 1299 1603 1414 1143 1372 1286 1432 1246 1365 1169 1464 1627 1351 1343 1381 1276 1524 
1479 1095 1068 1298 1311 1243 1232 1376 1074 1119 1222 1430 1030 1269 1241 1287 1315 1341 1283 1244 1049 1364 1159 1256 1181 1218 1396 1028 1328 1226 1286 1139 1180 1258 1229 1195 1269 1236 1311 1287 1239 1131 1337 1459 1290 1047 1222 1165 1331 1341 1083 1261 1298 1312 1169 1227 1037 1172 1460 1243 1151 1308 1252 1398 
1742 1197 1231 1460 1476 1445 1236 1616 1146 1318 1377 1631 1418 1542 1463 1362 1334 1322 1458 1520 1202 1485 1348 1529 1404 1321 1505 1253 1519 1358 1505 1296 1358 1508 1387 1309 1350 1296 1509 1494 1417 1352 1409 1518 1315 1303 1347 1269 1526 1475 1206 1429 1468 1488 1359 1288 1343 1413 1644 1421 1300 1352 1438 1453 
1457 1060 1200 1428 1366 1323 1389 1553 1044 1101 1041 1434 1070 1286 1245 1356 1421 1390 1310 1501 1179 1622 1327 1403 1151 1241 1515 1267 1279 1314 1448 1383 1225 1527 1365 1309 1332 1207 1398 1320 1394 1272 1490 1384 1237 1159 1250 1252 1650 1498 1061 1428 1233 1375 1085 1344 1173 1501 1465 1271 1208 1462 1381 1480 
1358 868 832 1098 1155 1248 1114 1354 907 1091 950 1204 946 1244 1101 1095 1159 1238 1073 1190 999 1185 1037 1160 1067 1005 1263 1121 1263 1048 1197 1092 1050 1185 1044 1187 1118 1033 1188 1094 1211 1109 1113 1372 1076 1156 1116 1079 1276 1172 997 1208 1103 1151 1079 1085 1052 1179 1221 1046 993 1165 1158 1127 
1585 1079 1153 1307 1449 1336 1356 1557 1075 1187 1164 1423 1166 1393 1317 1305 1281 1319 1236 1413 1123 1512 1198 1422 1275 1262 1443 1272 1421 1257 1372 1384 1179 1386 1377 1372 1345 1253 1381 1405 1327 1278 1344 1395 1244 1227 1347 1313 1619 1391 1142 1320 1293 1339 1171 1276 1216 1442 1601 1391 1208 1303 1402 1338 
1448 1149 1058 1282 1267 1116 1271 1495 905 1075 1121 1286 1044 1263 1193 1251 1076 1131 1260 1425 1076 1346 1101 1248 1174 1116 1408 1317 1276 1203 1328 1342 1204 1298 1142 1282 1075 1133 1283 1208 1300 1118 1078 1421 1126 1175 1232 1215 1343 1331 971 1260 1032 1426 1146 1131 1075 1335 1526 1183 1237 1118 1287 1308 
1790 1229 1237 1481 1300 1314 1225 1718 1119 1264 1278 1544 1213 1332 1424 1569 1424 1379 1482 1653 1188 1565 1415 1466 1402 1337 1608 1513 1445 1452 1562 1471 1393 1523 1510 1472 1242 1508 1371 1448 1526 1335 1410 1490 1396 1391 1404 1299 1714 1439 1164 1481 1306 1531 1326 1367 1249 1613 1762 1353 1306 1395 1624 1531 
1665 1124 1320 1443 1439 1365 1301 1662 1142 1133 1435 1528 1231 1521 1451 1438 1268 1330 1415 1508 1220 1542 1322 1282 1130 1339 1480 1326 1533 1425 1473 1407 1381 1444 1346 1321 1325 1368 1396 1441 1484 1349 1385 1519 1257 1431 1420 1344 1710 1373 1204 1448 1358 1315 1379 1232 1310 1502 1747 1471 1323 1359 1455 1447 
1623 1078 1051 1270 1373 1279 1333 1478 1028 1120 1231 1433 1221 1357 1481 1280 1254 1311 1360 1428 1144 1441 1219 1319 1237 1281 1391 1328 1458 1343 1487 1241 1211 1341 1194 1402 1221 1219 1386 1410 1398 1237 1228 1508 1283 1215 1242 1290 1562 1370 1042 1238 1178 1333 1205 1157 1110 1330 1590 1197 1275 1291 1278 1462 
1580 917 1043 1363 1354 1300 1247 1371 923 1162 1029 1314 1107 1248 1276 1306 1219 1256 1134 1390 1072 1403 1236 1233 1133 1148 1433 1180 1313 1237 1314 1235 1171 1369 1252 1196 1257 1114 1402 1338 1433 1226 1416 1391 1165 923 1082 1292 1469 1418 1140 1244 1217 1311 1086 1142 1090 1219 1510 1129 1095 1307 1236 1347 
1500 1180 1059 1277 1371 1230 1254 1481 1059 1107 1125 1388 1080 1238 1341 1279 1266 1397 1476 1246 1078 1437 1145 1285 1340 1090 1429 1249 1221 1225 1329 1201 1214 1312 1104 1261 1132 1140 1223 1334 1315 1169 1232 1508 1242 1106 1175 1187 1464 1358 1120 1370 1113 1479 1177 1292 1123 1268 1500 1246 1172 1252 1305 1324 
1876 1313 1291 1598 1532 1478 1512 1770 1308 1384 1337 1613 1433 1527 1528 1579 1465 1550 1634 1513 1305 1602 1435 1500 1519 1386 1710 1473 1553 1524 1625 1395 1531 1670 1517 1637 1502 1498 1603 1642 1604 1671 1570 1828 1541 1342 1467 1522 1795 1538 1245 1641 1438 1496 1368 1490 1451 1645 1836 1493 1357 1659 1577 1653 
1638 937 1085 1223 1338 1318 1075 1463 1057 1270 1046 1400 1144 1221 1300 1187 1358 1259 1234 1373 1025 1363 1209 1295 1238 1162 1404 1313 1212 1243 1369 1340 1203 1331 1379 1259 1227 1214 1231 1275 1393 1082 1322 1302 1117 1142 1189 1108 1362 1189 1035 1337 1223 1270 1163 1209 990 1308 1374 1179 1087 1307 1317 1285 
1326 922 979 1219 1164 1140 1296 1308 981 1135 854 1200 1061 1107 1173 1147 1092 1143 1217 1277 987 1370 1095 1123 1047 1099 1293 1219 1204 1151 1282 1057 1082 1318 1061 1172 1119 1162 1283 1155 1200 1085 1127 1261 1104 1115 1117 1142 1345 1159 1011 1167 1062 1204 924 1205 999 1278 1444 1193 1091 1155 1057 1362 
1637 1164 1208 1312 1419 1271 1327 1598 1114 1256 1232 1351 1254 1311 1366 1348 1182 1365 1369 1546 1135 1581 1340 1357 1374 1249 1450 1331 1270 1267 1468 1430 1407 1481 1448 1468 1304 1295 1393 1390 1527 1328 1244 1530 1342 1277 1241 1248 1504 1445 1077 1431 1181 1462 1235 1226 1178 1542 1533 1262 1275 1420 1338 1476 
1428 1050 954 1145 1190 1166 1097 1361 942 997 1012 1265 1064 1115 1217 1066 1064 1171 1191 1246 964 1250 1057 1159 1060 1077 1298 1197 1211 1221 1198 1133 1058 1209 1162 1246 1097 1093 1102 1142 1159 1154 1162 1321 1073 1120 1075 1088 1331 1281 830 1262 1037 1248 1041 1124 1066 1329 1336 1099 1087 1155 1183 1263 
1662 1281 1286 1323 1304 1323 1266 1607 1132 1207 1216 1552 1258 1432 1370 1453 1206 1301 1540 1441 1079 1449 1192 1324 1354 1201 1597 1415 1353 1328 1486 1322 1264 1378 1207 1384 1233 1232 1367 1427 1399 1271 1283 1566 1421 1185 1312 1314 1509 1514 1110 1288 1201 1497 1176 1358 1277 1444 1678 1279 1343 1323 1412 1402 
1695 1041 1099 1351 1351 1275 1106 1465 1095 1113 1216 1428 1054 1342 1405 1376 1276 1269 1377 1220 1000 1302 1128 1172 1249 1236 1389 1246 1305 1362 1367 1337 1121 1248 1115 1352 1381 1263 1350 1552 1326 1225 1223 1412 1168 1158 1212 1218 1498 1308 1150 1399 1190 1381 1102 1204 1156 1211 1445 1300 1185 1330 1269 1401 
1747 1233 1317 1305 1529 1338 1421 1695 1198 1362 1317 1549 1332 1402 1390 1507 1262 1423 1468 1549 1186 1505 1360 1391 1421 1336 1562 1600 1401 1344 1610 1451 1421 1599 1447 1494 1303 1409 1459 1390 1422 1337 1269 1665 1429 1451 1503 1260 1633 1319 1234 1454 1285 1436 1174 1417 1190 1490 1581 1371 1433 1393 1418 1525 
1806 1210 1165 1582 1410 1400 1448 1667 1178 1409 1289 1562 1343 1514 1530 1424 1370 1439 1506 1591 1221 1614 1419 1476 1332 1378 1701 1461 1522 1460 1518 1477 1355 1573 1444 1520 1480 1390 1636 1550 1492 1453 1388 1557 1336 1243 1435 1481 1646 1551 1102 1623 1406 1421 1312 1341 1206 1633 1706 1457 1329 1540 1532 1679 
1833 1197 1254 1440 1385 1446 1243 1610 1266 1233 1396 1606 1228 1395 1450 1469 1315 1526 1379 1552 1055 1515 1345 1460 1354 1277 1542 1382 1660 1426 1490 1306 1314 1378 1412 1266 1338 1418 1402 1386 1399 1266 1454 1510 1524 1337 1346 1307 1462 1487 1266 1547 1419 1537 1431 1445 1235 1483 1683 1313 1121 1374 1452 1608 
1685 1277 1288 1473 1413 1397 1367 1590 1161 1266 1248 1483 1296 1447 1416 1443 1345 1444 1482 1547 1254 1516 1375 1342 1358 1326 1519 1333 1351 1448 1545 1320 1342 1549 1261 1431 1376 1261 1398 1500 1466 1425 1353 1628 1495 1207 1241 1420 1582 1529 1201 1408 1286 1473 1303 1365 1209 1481 1651 1314 1349 1504 1429 1478 
1596 1170 1273 1332 1355 1334 1428 1515 1074 1144 1254 1391 1243 1378 1284 1400 1263 1372 1327 1492 1151 1474 1298 1437 1262 1138 1595 1367 1387 1170 1312 1376 1294 1466 1362 1274 1378 1219 1504 1302 1439 1237 1244 1483 1356 1102 1302 1291 1552 1324 1072 1362 1232 1276 1129 1263 1076 1381 1612 1260 1231 1308 1369 1468 
1659 1138 1141 1419 1325 1315 1312 1550 981 1187 1208 1474 1040 1485 1295 1393 1322 1447 1357 1307 1207 1396 1255 1347 1285 1288 1552 1335 1395 1364 1340 1384 1195 1434 1293 1373 1305 1263 1421 1390 1284 1287 1354 1483 1211 1231 1376 1381 1568 1515 1137 1474 1263 1476 1236 1197 1081 1462 1540 1241 1208 1345 1370 1448 
1799 1210 1266 1537 1490 1342 1345 1698 1159 1246 1403 1416 1294 1508 1467 1519 1379 1417 1571 1680 1246 1643 1361 1443 1331 1370 1621 1556 1430 1536 1524 1580 1252 1538 1541 1474 1471 1389 1496 1490 1466 1390 1325 1594 1391 1397 1375 1265 1771 1507 1088 1516 1368 1382 1264 1340 1289 1568 1642 1497 1325 1541 1488 1625 
1851 1160 1231 1503 1410 1423 1325 1656 1167 1254 1226 1609 1319 1478 1518 1457 1416 1402 1527 1636 1243 1610 1296 1459 1466 1398 1550 1475 1501 1462 1594 1442 1347 1427 1434 1547 1344 1412 1405 1518 1455 1406 1394 1546 1437 1272 1302 1302 1667 1618 1297 1576 1291 1681 1349 1502 1363 1588 1629 1381 1296 1545 1480 1539 
1473 1044 1013 1165 1264 1303 1187 1486 1105 1102 1039 1307 1056 1154 1170 1203 1201 1201 1149 1268 954 1272 1137 1213 1206 1163 1335 1136 1186 1273 1377 1330 1283 1279 1157 1244 1143 1131 1238 1309 1279 1218 1242 1343 1180 968 1142 1133 1360 1270 1056 1388 1120 1244 1136 1211 1070 1200 1369 1265 1192 1103 1129 1222 
1622 1007 1191 1277 1356 1363 1203 1567 1028 1179 1325 1545 1033 1446 1416 1340 1292 1444 1335 1415 1020 1462 1319 1310 1221 1245 1393 1290 1374 1333 1329 1203 1121 1397 1285 1297 1313 1329 1457 1427 1393 1274 1378 1506 1256 1214 1116 1239 1657 1471 1228 1369 1425 1381 1318 1255 1208 1398 1626 1297 1185 1392 1316 1376 
1463 1053 1189 1287 1313 1178 1215 1502 1000 1036 1133 1268 971 1231 1183 1293 1248 1249 1323 1349 1070 1357 1127 1169 1199 1183 1463 1269 1147 1313 1268 1314 997 1361 1235 1293 1254 1195 1270 1295 1140 1092 1284 1408 1132 1230 1187 1147 1504 1338 1023 1277 1155 1306 1075 1261 1099 1354 1435 1275 1158 1310 1358 1386 
1845 1204 1114 1520 1471 1496 1366 1569 1106 1183 1359 1555 1445 1416 1368 1382 1261 1414 1330 1552 1118 1469 1381 1398 1371 1351 1455 1406 1510 1459 1487 1432 1353 1439 1416 1449 1411 1301 1399 1513 1374 1281 1421 1502 1364 1259 1249 1439 1512 1420 1193 1533 1285 1351 1162 1256 1161 1366 1583 1290 1360 1398 1359 1652 
1592 1047 1142 1296 1326 1216 1232 1410 1033 1107 1188 1322 1188 1264 1270 1320 1052 1262 1300 1306 1086 1323 1175 1205 1278 1196 1336 1203 1235 1191 1347 1234 1169 1327 1275 1354 1365 1148 1386 1327 1316 1237 1081 1498 1280 1082 1128 1178 1420 1298 1037 1295 1093 1287 1059 1206 1085 1275 1450 1305 1205 1351 1204 1321 
1628 1102 1058 1321 1337 1361 1222 1552 959 1279 1258 1513 1127 1329 1245 1262 1099 1406 1214 1464 1031 1395 1348 1286 1246 1259 1390 1261 1278 1267 1351 1252 1330 1460 1327 1433 1195 1248 1358 1284 1340 1220 1251 1573 1257 1244 1213 1252 1413 1448 1147 1307 1247 1440 1184 1199 1076 1384 1478 1257 1315 1300 1275 1282 
1521 1094 1108 1367 1349 1215 1153 1522 937 1042 1131 1356 1058 1304 1303 1171 1130 1288 1347 1256 1099 1484 1262 1205 1234 1159 1351 1258 1265 1386 1384 1293 1142 1357 1257 1286 1193 1217 1397 1236 1254 1199 1342 1438 1134 1204 1212 1164 1479 1282 997 1395 1259 1401 1163 1295 1217 1363 1458 1244 1258 1242 1306 1356 
1559 1168 1027 1345 1291 1301 1294 1510 1099 1102 1209 1436 1123 1244 1396 1313 1291 1255 1424 1250 1130 1399 972 1213 1091 1201 1338 1287 1314 1341 1316 1191 1227 1279 1110 1343 1230 1305 1328 1197 1251 1296 1307 1601 1127 1262 1298 1231 1463 1320 1058 1293 1086 1471 1133 1234 1131 1380 1588 1414 1317 1290 1365 1356 
1557 1259 1266 1530 1448 1272 1378 1606 1153 1079 1258 1498 1216 1478 1363 1462 1347 1308 1518 1536 1151 1426 1350 1423 1294 1314 1589 1332 1470 1463 1566 1360 1307 1498 1286 1365 1358 1264 1437 1431 1373 1327 1380 1575 1422 1234 1387 1383 1631 1533 1053 1445 1354 1391 1301 1310 1322 1470 1690 1356 1310 1321 1384 1501 
1585 1121 1168 1361 1142 1217 1292 1463 1044 1066 1092 1433 1135 1327 1326 1411 1280 1352 1368 1371 1065 1367 1248 1222 1270 1141 1501 1333 1358 1303 1304 1255 1100 1269 1203 1255 1249 1303 1365 1366 1408 1254 1307 1315 1196 1186 1262 1314 1461 1269 1069 1397 1303 1262 1135 1243 1053 1428 1602 1293 1089 1262 1256 1322 
