0 28 20 9 20 0 27 16 0 0 72 0 82 0 58 0 0 0 0 36 72 0 10 0 0 40 82 36 0 30 0 9 45 0 0 0 0 101 0 0 32 0 72 0 0 0 12 0 72 0 91 70 24 0 0 0 0 0 0 0 0 0 0 72 
41 0 0 0 0 0 0 0 0 8 20 0 0 0 0 79 0 0 0 0 45 8 0 0 0 0 0 0 0 8 32 0 9 0 0 54 0 0 33 6 0 0 48 24 0 18 0 0 12 27 0 0 0 0 0 0 0 0 0 0 0 3 0 0 
64 34 0 32 40 0 0 0 0 0 40 8 64 20 0 0 25 0 0 144 0 91 0 0 0 0 0 0 15 90 0 0 72 0 0 5 0 5 40 9 0 0 0 30 0 0 16 0 0 0 93 0 0 0 0 40 35 5 0 0 0 24 5 24 
1 67 62 0 30 0 0 24 1 0 36 0 48 0 0 0 8 9 56 62 0 3 0 0 81 24 36 66 0 2 6 30 0 0 18 32 6 0 3 1 0 0 18 0 0 0 18 26 60 16 96 3 0 18 0 0 8 0 0 0 0 0 0 7 
24 0 0 0 4 0 0 0 0 0 0 0 0 0 0 0 0 0 0 12 0 0 0 0 0 0 0 0 0 0 0 0 0 0 0 36 0 0 0 4 0 0 32 0 0 0 4 0 8 0 12 0 0 0 0 0 0 0 0 0 0 0 0 6 
64 0 0 0 0 0 48 25 6 0 0 6 0 0 0 0 21 40 25 32 56 0 18 0 25 0 21 39 0 0 0 0 0 24 20 0 0 0 0 27 0 0 0 0 0 0 0 6 56 0 35 58 0 0 6 0 0 0 45 0 0 3 18 72 
0 0 0 63 0 36 12 39 0 54 24 0 0 0 63 0 36 0 4 0 35 0 39 18 63 47 9 48 12 0 0 0 9 0 28 0 0 4 28 0 18 12 0 24 44 0 21 0 0 4 117 24 0 0 0 0 49 4 0 69 0 28 4 6 
0 36 0 0 0 0 0 0 0 0 24 0 28 0 36 35 0 0 0 0 25 24 0 0 0 0 0 0 0 0 0 0 0 0 0 0 36 0 0 0 25 0 0 0 0 42 0 0 5 15 0 0 0 0 0 0 42 0 0 59 0 0 30 0 
78 0 0 0 0 0 0 98 6 8 20 6 0 0 0 112 18 0 35 36 46 0 0 24 35 0 29 49 57 5 32 0 0 0 28 0 0 1 29 0 0 7 0 30 72 12 0 6 0 66 58 18 0 0 6 56 0 1 63 0 14 0 1 0 
43 7 5 0 35 0 0 15 0 0 0 4 0 0 30 0 6 10 0 62 0 23 0 0 0 20 4 45 4 24 0 0 0 8 0 54 0 0 32 13 6 14 48 0 0 0 20 0 12 0 0 0 0 0 0 0 39 0 12 35 12 0 0 16 
0 72 0 9 0 0 0 0 0 30 8 4 6 0 0 0 18 0 16 0 0 0 6 0 0 0 14 0 21 18 0 0 27 0 78 0 0 34 0 0 0 0 0 46 0 40 0 0 40 2 63 18 0 0 56 0 0 7 7 0 0 24 55 0 
0 48 0 0 0 54 0 48 0 64 12 26 0 40 0 16 0 25 6 0 0 0 45 10 0 77 0 2 16 0 0 0 32 32 0 0 0 0 42 0 18 18 0 0 30 0 0 40 0 0 0 0 0 0 0 0 0 0 30 0 0 42 0 55 
0 0 0 12 9 0 4 0 0 0 0 3 24 0 0 0 0 0 0 0 0 0 0 0 0 0 10 0 0 25 0 0 0 0 0 0 0 0 5 0 22 35 0 0 0 0 0 0 4 0 0 8 0 0 0 0 0 0 0 4 30 0 24 0 
0 36 0 12 25 0 0 0 0 48 0 15 24 30 48 12 0 0 36 0 0 0 0 16 28 70 0 0 12 0 16 48 24 0 0 0 0 60 0 0 0 0 48 32 40 0 0 30 0 0 0 0 0 4 112 4 0 0 0 0 0 0 72 0 
24 0 0 8 0 0 24 28 0 0 64 0 10 30 16 24 0 0 0 52 0 0 10 0 0 0 74 0 24 42 0 8 45 0 0 0 0 45 0 0 0 0 0 0 0 0 0 0 32 0 56 30 0 0 0 0 0 0 0 0 0 0 0 64 
0 72 16 0 0 0 0 0 5 5 54 8 62 0 12 9 0 0 4 0 0 48 1 0 0 20 0 0 0 0 0 12 0 0 0 16 72 6 0 0 10 0 0 0 0 64 8 4 2 8 4 0 4 0 9 0 0 3 0 39 8 0 12 0 
12 56 45 0 0 63 35 0 3 8 32 0 9 56 0 16 100 27 0 0 0 67 0 26 0 0 0 0 99 0 32 18 0 0 21 0 0 0 51 0 54 0 0 24 36 0 0 0 0 27 0 9 0 0 0 28 60 0 0 0 4 0 0 21 
42 18 20 0 12 0 0 0 0 24 0 6 0 15 36 6 0 0 5 0 0 0 0 18 0 39 0 0 6 0 12 15 12 0 0 74 0 30 0 6 0 0 48 0 18 0 0 20 12 22 0 0 0 0 48 14 0 0 0 0 2 0 0 0 
0 0 36 0 0 0 0 0 24 0 24 80 63 0 35 43 4 30 9 0 68 0 0 0 0 35 0 0 28 0 0 27 0 24 0 72 0 73 0 0 28 0 91 8 0 2 0 9 0 21 0 35 21 0 0 0 0 0 36 0 0 0 0 48 
15 25 0 0 4 0 0 20 30 36 40 45 12 30 27 0 30 0 20 48 4 36 12 63 20 45 52 28 35 48 0 36 54 0 16 50 0 54 0 0 0 0 35 14 27 0 22 0 0 0 67 36 0 0 0 40 35 28 36 27 0 0 0 6 
15 43 0 93 0 0 9 5 0 0 64 0 72 40 46 0 25 0 0 48 97 0 15 10 45 40 24 36 0 16 10 21 0 0 0 5 0 56 0 0 37 0 90 12 15 0 0 30 23 0 21 40 24 30 18 40 49 0 0 1 0 0 33 24 
0 0 0 0 0 0 0 0 20 20 0 2 59 0 0 0 0 5 0 0 0 0 67 14 63 7 0 0 0 0 0 0 0 4 14 0 0 0 0 0 0 0 0 0 0 0 0 0 0 0 58 0 16 0 36 0 0 12 6 4 32 0 0 29 
21 35 0 0 0 0 0 20 0 36 86 20 27 0 15 60 47 0 12 0 27 0 0 7 0 15 0 0 0 0 48 4 24 0 0 7 0 21 42 0 12 0 27 36 3 0 0 0 0 0 35 15 9 0 0 56 49 0 0 12 0 0 0 0 
90 24 0 0 0 0 0 49 0 14 24 36 63 5 71 80 0 5 8 28 63 0 0 0 0 44 2 0 44 0 0 0 4 4 32 72 0 73 0 8 28 0 127 0 0 10 0 5 26 0 0 35 21 0 28 0 42 0 6 42 0 6 24 8 
0 42 30 0 30 0 0 32 10 10 0 0 12 0 0 0 0 0 0 54 0 0 2 28 0 0 4 54 18 12 0 4 0 12 0 0 0 6 0 0 0 0 0 36 0 0 18 0 54 0 104 0 8 0 18 0 0 12 0 2 16 0 6 0 
0 14 40 0 10 0 0 8 0 48 15 0 0 0 0 12 0 0 0 18 0 12 0 0 0 0 7 46 24 0 32 0 7 0 0 0 0 0 21 0 36 0 0 18 0 0 6 24 26 0 77 0 0 24 0 0 24 0 0 0 0 0 0 0 
0 0 0 0 2 0 0 0 0 0 0 0 0 0 6 0 0 0 0 0 0 0 0 2 0 2 0 0 0 0 2 0 0 0 0 0 0 5 0 0 0 0 0 0 0 0 0 0 0 0 0 0 0 0 8 0 0 0 0 0 0 0 0 0 
51 0 0 36 0 0 0 46 70 82 0 45 48 0 0 36 5 0 0 24 20 24 20 8 36 0 7 28 77 24 0 0 34 0 0 45 0 2 15 0 0 0 35 22 0 0 0 0 0 0 113 0 32 0 72 0 4 26 0 8 64 9 2 0 
105 45 0 0 0 0 36 35 0 0 72 0 0 0 0 30 45 30 0 44 30 0 0 0 0 0 0 0 30 0 0 0 0 0 0 9 0 0 0 0 0 0 0 0 0 0 0 0 42 0 0 30 0 0 0 72 63 0 0 0 0 0 0 54 
36 6 0 0 105 28 0 53 20 28 0 23 24 5 0 8 1 0 61 4 0 48 10 0 53 37 64 99 36 48 63 0 114 6 20 0 0 20 72 9 0 0 0 0 0 7 28 40 0 0 51 0 16 4 57 4 0 12 45 4 32 19 69 0 
0 42 0 53 0 1 0 0 63 86 0 20 0 0 0 4 0 0 0 90 9 0 0 0 28 0 0 0 0 0 0 0 0 0 0 0 72 81 0 5 0 0 0 20 3 0 42 0 3 56 114 0 72 63 0 0 0 6 35 0 0 0 56 0 
0 7 0 0 0 3 8 0 0 0 0 9 16 0 0 0 6 15 0 0 0 0 52 0 0 0 16 6 0 48 19 0 72 8 3 0 0 72 0 61 4 0 0 0 0 0 0 30 10 0 0 64 0 30 0 0 0 0 12 0 0 6 36 16 
8 126 0 20 29 0 6 0 28 18 48 5 96 0 42 0 0 5 0 28 9 48 0 14 0 14 6 0 0 0 14 0 0 0 0 0 104 71 0 0 0 0 0 0 0 94 0 0 37 0 32 5 32 28 56 0 0 0 0 24 0 18 0 9 
21 25 0 54 0 0 0 41 0 35 40 35 23 0 10 63 46 0 39 0 48 0 18 18 63 10 12 0 0 30 10 0 42 0 74 5 0 14 6 0 8 42 18 0 18 0 0 30 10 12 62 10 6 30 63 54 41 0 0 21 38 0 54 0 
42 112 0 36 45 0 0 15 0 24 64 9 72 0 54 0 40 0 15 0 0 0 0 36 15 18 17 21 0 0 18 0 0 0 12 8 0 45 0 0 0 0 0 0 54 40 0 0 40 36 21 0 0 0 72 106 56 0 27 0 6 24 0 0 
0 32 34 0 4 36 20 0 0 0 0 0 45 32 37 0 28 0 6 0 45 32 0 12 0 29 0 0 65 0 4 18 0 0 0 24 0 52 8 0 32 0 45 42 0 0 0 6 0 12 63 25 15 0 16 0 8 7 0 0 0 0 7 0 
54 30 0 81 0 0 0 63 15 136 0 57 15 0 0 54 45 15 0 56 40 0 0 0 47 0 22 28 69 0 0 0 7 12 6 0 0 5 0 0 0 0 0 66 0 0 30 15 0 40 156 45 0 0 15 0 0 5 81 0 0 0 45 24 
12 52 25 20 25 9 13 20 0 27 0 0 0 36 3 0 13 0 0 51 0 7 0 2 0 5 1 45 9 0 0 0 0 0 0 30 0 0 2 2 0 0 16 0 0 5 17 0 54 4 35 0 0 0 0 0 0 0 0 3 0 3 0 0 
54 80 0 104 0 18 9 9 48 30 72 48 36 0 6 0 87 30 0 0 93 0 51 18 81 0 42 52 0 0 54 3 0 0 18 60 0 0 0 75 0 0 48 0 0 0 0 18 24 0 45 54 24 0 72 48 55 18 0 6 48 3 18 24 
0 84 0 24 0 57 30 0 0 0 78 32 15 48 0 48 42 0 72 24 0 42 0 12 27 36 54 18 54 0 0 0 0 0 6 0 9 24 12 15 0 0 27 0 9 0 0 0 9 0 18 0 0 0 0 0 0 18 0 0 0 0 0 0 
0 8 0 13 3 0 27 0 0 0 84 1 13 0 24 0 0 0 16 0 0 0 0 0 9 8 84 4 0 0 0 9 0 0 2 0 2 0 0 0 0 0 6 0 0 0 0 0 36 0 69 0 0 0 0 0 7 0 0 7 0 0 0 72 
24 0 0 36 24 0 12 0 0 0 32 8 64 0 8 0 0 0 0 0 0 0 0 24 0 0 32 0 0 0 0 4 0 0 0 0 0 0 0 0 0 0 0 0 72 0 0 0 16 48 28 0 0 0 0 56 0 0 0 0 8 0 0 32 
0 4 0 27 0 0 0 3 18 0 6 18 8 10 0 0 54 0 8 12 66 27 17 6 27 4 53 2 0 28 0 0 36 0 0 0 1 36 0 0 0 0 3 3 0 0 0 18 0 0 0 78 0 0 18 0 3 21 0 0 0 0 0 0 
35 117 45 0 5 63 35 4 0 18 0 0 0 56 0 0 49 0 8 9 0 121 0 14 0 0 6 9 95 56 0 0 63 0 32 0 0 0 49 0 48 0 0 0 0 30 3 0 39 0 7 0 0 0 28 0 32 0 0 0 0 39 24 0 
31 24 0 42 8 27 50 45 0 42 56 0 0 73 38 0 21 0 45 0 0 61 0 20 45 8 83 63 27 40 8 7 45 0 36 21 0 20 31 0 0 0 0 0 18 0 0 0 28 19 112 0 0 0 32 14 0 0 81 0 2 15 0 56 
0 21 0 36 0 9 6 0 19 24 0 46 12 35 0 0 101 51 0 63 40 0 18 0 0 0 15 18 0 14 27 54 0 0 9 0 0 0 12 48 3 0 30 36 25 0 0 15 0 0 0 69 0 0 45 0 32 0 28 0 0 3 63 28 
0 0 30 0 72 36 0 20 1 20 0 47 3 0 0 36 20 9 12 0 0 12 0 0 0 0 63 0 60 0 81 60 96 0 0 0 0 0 3 0 36 0 54 36 45 9 0 45 0 0 32 3 0 0 81 0 32 0 0 12 0 0 162 7 
0 36 0 18 0 0 0 0 0 68 20 8 0 0 0 58 0 0 0 24 30 0 0 0 24 0 0 0 0 0 32 0 0 0 0 0 0 0 28 0 0 0 0 32 0 12 36 0 0 66 36 0 0 0 0 0 0 0 14 0 0 0 48 0 
54 20 4 0 24 12 18 56 7 0 32 9 21 0 0 18 84 78 72 24 15 0 48 0 63 0 42 49 30 0 27 45 24 0 28 8 0 20 21 72 0 0 0 0 0 3 0 16 21 2 49 36 0 4 9 36 84 0 63 0 0 8 75 76 
36 0 0 63 0 0 0 46 0 46 0 12 0 0 9 36 0 0 0 24 20 0 21 59 36 16 0 0 36 0 0 28 0 0 0 0 0 0 0 0 0 0 0 12 21 0 6 0 0 0 21 0 0 0 0 0 4 0 21 9 0 0 0 3 
0 10 0 25 0 0 0 0 0 0 42 56 36 0 20 63 7 0 16 0 36 0 42 0 0 20 0 20 0 0 0 0 0 0 64 0 0 70 0 63 16 0 36 0 0 0 0 0 0 0 0 20 12 0 56 0 5 0 0 0 0 7 90 0 
40 18 35 3 28 0 39 12 20 44 24 6 24 15 6 6 0 25 45 20 25 14 4 0 35 43 24 36 55 0 0 15 12 0 0 0 0 32 24 0 42 0 12 50 10 0 16 15 47 0 100 25 16 5 48 5 28 19 0 4 32 0 25 69 
12 60 0 36 37 45 25 13 0 0 32 0 0 40 36 0 55 0 0 48 24 71 12 18 36 12 28 27 48 0 6 0 0 0 0 4 0 1 28 0 0 0 0 10 0 0 28 18 6 0 57 0 0 18 0 32 74 29 0 42 0 0 1 24 
0 12 25 0 28 54 0 60 0 18 30 0 0 35 24 0 0 0 30 42 7 73 0 0 0 28 70 54 20 14 0 0 3 0 0 0 3 0 66 0 48 18 9 7 30 0 16 0 0 0 27 0 0 0 0 0 48 49 0 28 0 42 0 0 
0 0 0 0 14 0 0 0 0 14 47 0 0 35 0 28 27 0 6 84 0 0 0 0 0 0 0 3 27 14 56 0 0 18 45 0 0 9 49 0 0 0 0 96 0 0 14 0 0 3 123 0 0 0 21 0 0 9 0 0 0 0 27 21 
0 20 0 0 12 0 0 0 7 0 84 72 21 0 0 95 56 63 112 36 10 0 0 0 56 20 30 38 18 0 0 42 0 0 0 0 5 100 21 0 0 0 15 36 56 4 19 0 0 6 90 21 0 8 0 8 56 6 0 0 0 0 6 67 
0 0 0 0 0 0 0 0 42 0 0 63 0 0 0 28 7 0 0 0 20 0 0 0 0 0 0 0 49 0 0 18 0 0 0 63 0 0 0 0 0 0 67 26 15 8 0 0 0 12 0 0 0 0 18 0 0 0 0 0 0 0 27 0 
0 30 0 15 0 54 0 58 0 37 12 13 0 20 0 17 3 0 14 0 0 0 0 0 5 36 3 19 8 0 0 0 22 0 4 0 0 0 42 0 18 18 0 0 30 0 0 20 0 0 15 0 0 0 0 0 3 0 9 3 0 42 0 0 
0 6 0 24 0 3 0 0 0 8 0 2 0 5 30 14 0 0 0 24 0 0 0 0 0 9 0 36 2 0 0 0 4 0 0 0 0 0 0 15 0 0 0 0 81 0 9 5 9 0 0 0 0 0 0 0 35 18 0 35 0 0 0 0 
0 0 0 0 14 0 0 0 0 0 64 48 20 5 42 54 63 0 0 6 0 0 72 30 36 22 0 0 0 2 14 0 0 0 57 0 0 71 0 0 0 0 0 0 0 0 0 0 0 7 24 0 0 0 56 0 0 0 0 0 0 0 0 24 
32 0 0 16 0 1 48 0 30 0 64 45 0 0 16 4 5 20 0 24 20 0 0 0 0 0 64 0 35 0 0 8 0 0 0 45 0 0 0 5 0 0 35 10 3 0 0 0 63 0 56 20 0 0 0 0 0 6 0 0 0 0 0 100 
0 0 0 0 0 0 0 0 0 0 0 0 0 0 0 49 0 0 0 0 37 18 0 0 0 0 14 0 0 0 0 48 0 0 0 0 0 0 0 0 0 0 48 34 40 14 0 0 0 21 0 0 0 0 48 0 0 14 0 0 0 0 72 0 
0 0 0 24 22 0 0 0 0 28 0 6 64 0 0 0 0 0 0 12 7 63 16 49 0 0 65 6 21 48 14 28 72 36 0 0 0 79 0 0 15 0 0 49 21 0 4 42 17 0 96 48 0 42 0 0 0 56 0 3 0 0 25 6 
0 35 0 0 0 15 0 0 27 0 0 52 0 0 27 0 83 25 0 0 72 0 12 0 0 45 27 30 0 0 45 12 0 0 15 0 0 0 0 53 0 0 12 8 10 0 18 27 0 0 0 81 0 0 39 0 0 0 0 27 0 2 30 0 
