40 0 0 27 0 0 0 21 40 0 0 0 21 0 0 40 0 0 15 32 0 0 0 0 0 16 0 0 0 56 0 72 0 0 0 0 0 9 16 15 0 0 0 0 0 0 16 9 0 0 6 56 0 0 0 0 0 12 0 0 0 0 72 0 
30 0 48 69 81 45 40 36 0 24 70 0 53 0 72 93 0 0 45 81 2 5 0 0 0 0 36 18 72 63 0 0 0 58 0 5 0 21 25 98 0 81 73 0 12 6 12 57 0 0 0 8 127 24 0 54 0 56 58 0 0 0 0 7 
0 0 0 0 36 0 0 16 0 72 0 0 0 0 32 28 0 20 0 0 60 0 0 0 0 0 16 3 0 28 0 27 0 0 0 3 0 0 4 0 0 0 32 0 0 0 0 0 0 0 0 0 0 0 0 24 3 0 24 0 4 0 0 0 
0 32 0 56 0 0 0 0 0 7 0 60 30 36 0 0 32 0 21 0 0 67 0 6 60 69 12 0 18 0 48 0 56 102 0 0 15 24 8 38 0 0 63 0 24 16 24 48 36 0 0 34 0 0 8 0 7 42 0 0 35 0 24 56 
4 0 36 12 0 0 0 0 0 0 0 54 81 76 32 1 0 0 0 0 0 0 0 6 99 0 15 96 0 14 76 3 37 126 54 0 42 0 21 0 0 81 0 26 0 0 0 9 82 14 9 6 0 0 0 49 76 63 0 0 0 72 12 0 
0 0 48 56 0 0 48 0 0 7 0 16 16 0 0 0 49 0 0 0 8 69 0 8 56 42 56 0 0 0 0 0 56 0 0 0 0 0 24 0 28 0 67 64 12 24 96 0 0 0 7 32 0 0 0 0 7 0 32 0 35 0 0 28 
0 0 24 72 0 0 52 0 0 51 0 8 0 0 0 0 0 45 0 0 85 63 0 11 28 89 29 14 0 56 8 0 72 8 10 35 0 0 48 56 0 0 81 32 45 0 20 0 41 0 0 0 35 0 0 5 9 12 16 0 121 0 0 20 
5 0 0 0 0 0 0 10 0 36 0 0 36 80 0 10 21 69 0 0 28 0 36 0 17 0 5 18 0 0 16 0 0 16 75 0 0 0 0 12 20 18 0 4 0 0 67 2 12 0 3 42 0 45 12 7 16 14 54 0 3 16 0 0 
24 0 0 4 55 54 0 24 0 0 0 0 0 4 50 51 0 36 0 0 0 0 28 8 36 0 24 24 0 62 0 0 3 0 32 20 0 0 24 0 0 16 48 0 0 0 0 0 28 0 0 12 0 6 2 36 32 0 24 0 0 36 0 0 
54 0 0 32 0 0 0 3 6 72 0 0 6 0 0 0 0 0 21 0 56 0 28 21 0 0 0 0 0 0 0 0 10 0 0 29 0 10 0 5 0 0 0 12 0 6 0 4 0 5 0 0 15 0 0 9 24 0 0 0 0 0 8 0 
28 0 8 1 0 0 0 0 0 27 0 0 6 45 0 0 0 0 4 0 0 0 36 0 0 0 47 10 0 0 0 18 10 0 0 0 18 10 0 0 0 0 16 76 6 0 0 6 63 0 48 0 0 45 81 4 72 10 8 0 0 0 8 0 
20 0 0 0 0 0 0 0 0 0 0 0 0 0 0 20 0 48 0 0 0 0 0 0 24 0 24 0 0 0 0 0 0 0 0 0 0 0 0 0 0 0 0 0 0 0 8 0 0 0 0 0 0 0 0 56 0 0 0 0 0 0 0 0 
0 0 0 24 42 0 0 40 56 0 0 0 0 0 44 82 0 0 48 0 0 0 0 0 0 0 48 0 0 28 0 0 18 0 0 0 0 0 0 0 0 0 32 0 0 40 0 0 0 0 0 0 16 36 12 24 0 0 0 0 0 0 0 0 
100 0 0 0 0 0 0 69 18 0 0 0 0 0 12 28 9 27 12 0 0 27 0 0 21 0 16 35 0 2 0 24 55 9 0 0 6 0 0 45 81 0 56 14 0 0 8 81 0 47 147 48 0 0 0 34 41 24 0 9 0 0 63 0 
45 0 24 16 0 0 56 7 0 48 0 8 0 0 0 0 0 42 2 0 56 0 59 12 28 40 28 16 0 64 0 0 0 0 42 50 0 0 12 64 0 0 0 32 0 0 20 2 0 0 2 8 0 30 0 2 12 4 52 0 0 0 0 0 
5 0 63 8 0 0 0 81 63 0 0 0 18 0 56 0 0 33 66 0 4 0 0 4 0 27 45 5 18 0 71 0 56 64 0 0 0 0 4 20 0 0 8 16 0 45 32 0 48 20 12 48 18 0 0 4 0 80 0 0 8 0 45 0 
35 56 0 0 54 0 0 87 35 8 21 9 36 0 48 72 8 0 18 28 0 0 0 1 6 30 32 61 0 127 0 91 0 9 20 7 12 0 14 0 0 0 104 14 0 0 30 0 0 0 18 157 0 7 0 36 0 36 0 0 18 0 63 0 
32 0 0 0 0 36 0 28 0 14 0 81 0 7 0 40 14 24 8 0 0 0 14 13 78 0 9 58 0 50 0 31 0 126 16 35 0 0 12 0 8 8 0 0 10 0 61 0 49 0 10 49 0 0 15 0 16 16 12 0 24 24 0 0 
18 0 9 36 0 0 32 0 0 27 0 0 0 0 8 32 72 0 0 0 0 0 40 0 0 0 0 0 81 48 1 30 8 54 0 54 0 0 63 0 56 8 0 10 68 0 6 0 0 0 0 0 72 27 18 0 0 0 0 0 0 0 3 0 
25 0 0 0 0 0 0 0 4 0 4 28 18 16 0 0 49 0 14 20 24 0 36 14 14 0 17 41 0 0 0 0 0 0 12 14 4 0 4 0 28 18 40 22 24 4 56 0 0 0 7 0 10 0 0 0 28 0 0 0 4 52 0 0 
0 0 0 54 0 0 0 0 12 49 0 0 0 0 0 0 0 0 0 0 0 0 0 0 0 0 0 0 0 10 0 21 0 0 0 0 54 0 0 0 0 0 0 0 0 0 0 0 0 10 6 0 0 0 0 35 0 0 0 0 0 0 0 0 
0 0 0 54 0 0 56 18 48 42 9 67 78 72 0 0 0 0 50 45 95 12 81 5 16 106 51 10 90 40 0 0 0 0 0 25 19 16 9 60 0 0 0 0 54 30 48 18 0 0 0 56 44 12 16 0 27 0 0 0 9 111 72 0 
100 0 48 0 0 0 48 18 0 0 0 16 27 0 0 0 0 0 0 0 0 0 21 14 56 0 56 0 0 15 6 0 45 0 24 15 0 45 42 30 16 12 0 64 2 0 52 0 0 30 0 0 0 0 0 24 24 4 50 10 0 0 36 0 
61 0 0 131 18 63 6 8 13 20 40 0 63 8 16 14 14 62 0 72 29 0 35 0 46 28 8 16 18 77 24 0 0 16 35 10 45 0 23 68 66 72 16 0 16 0 48 11 16 0 6 14 72 6 0 20 48 48 0 40 16 47 12 0 
7 0 36 4 0 0 36 0 0 0 7 61 0 7 0 25 0 14 0 35 42 0 63 8 42 0 63 52 0 0 0 0 0 0 0 0 7 0 25 0 0 0 0 48 42 0 71 0 49 0 0 0 0 0 0 0 21 0 24 0 24 63 0 0 
6 12 0 0 0 81 0 0 0 6 0 0 0 0 0 0 75 54 0 0 0 0 8 0 54 0 0 0 0 6 9 4 0 0 0 0 22 0 3 9 60 0 0 16 12 6 90 18 14 6 17 18 0 0 0 21 0 6 0 15 0 54 0 21 
0 0 24 108 0 0 0 3 25 39 30 0 0 0 0 0 0 39 18 54 28 21 8 0 0 18 4 17 0 0 0 45 24 12 14 5 36 0 0 42 0 54 27 0 6 5 0 18 0 0 9 0 44 10 0 0 8 24 76 0 15 0 0 0 
0 64 0 40 0 0 0 24 0 0 25 7 0 45 0 42 0 0 0 19 6 0 9 0 0 42 52 16 0 0 32 32 0 32 0 22 1 0 1 40 0 0 0 0 41 0 0 5 24 40 0 64 0 53 81 13 105 28 0 0 36 9 0 0 
25 0 0 0 0 0 0 0 2 28 0 0 27 24 0 10 0 0 7 0 0 0 0 7 21 0 3 39 0 8 0 12 0 0 18 7 24 0 0 0 0 27 24 16 0 2 4 0 0 8 0 0 5 0 0 28 24 0 0 0 0 24 0 0 
0 0 0 24 0 0 28 24 16 77 0 0 72 64 0 48 0 10 56 16 49 0 0 63 56 83 0 80 0 56 0 33 0 0 48 109 0 0 42 96 0 72 0 48 40 16 0 0 0 40 0 0 40 0 0 8 66 0 16 0 40 64 0 0 
0 0 0 44 7 0 0 0 51 2 0 0 0 0 14 63 0 0 56 28 0 14 0 56 0 26 0 0 0 49 0 63 37 0 0 56 0 0 14 0 0 0 18 32 0 16 0 0 0 0 0 28 40 42 14 0 2 0 0 0 10 0 63 0 
0 0 0 18 0 0 28 27 65 21 0 0 20 0 0 16 50 0 54 0 12 25 20 0 0 0 36 0 63 0 0 0 0 0 0 12 0 0 0 0 36 4 5 4 43 75 16 6 0 0 2 40 74 21 0 0 0 0 0 0 0 10 0 35 
0 0 0 51 0 0 0 21 0 0 0 0 21 0 0 2 0 20 15 0 0 0 0 0 0 0 9 4 0 0 72 42 10 72 0 4 0 9 42 15 0 0 0 0 0 0 0 27 54 0 24 24 0 0 0 0 12 75 32 0 0 0 0 0 
27 0 36 70 81 0 36 36 6 14 0 0 84 63 104 63 14 56 0 0 6 0 0 8 0 28 36 0 0 198 4 45 32 81 41 45 21 0 0 14 0 0 72 8 45 0 115 18 21 0 0 49 21 0 41 57 0 3 0 0 32 30 12 12 
0 0 0 63 0 63 0 0 49 0 0 0 0 0 0 9 0 42 0 28 0 0 0 0 42 14 0 0 0 49 0 90 45 0 0 0 28 0 14 0 0 0 0 0 0 0 0 81 0 0 88 42 0 0 0 0 36 0 0 0 0 42 63 0 
40 24 0 52 0 0 0 0 0 81 0 0 0 0 0 0 24 35 0 0 63 0 0 0 0 0 8 47 0 0 0 63 0 0 0 7 0 0 69 18 0 0 64 16 18 12 0 38 0 0 0 0 0 0 0 2 19 0 56 0 0 0 0 42 
6 0 0 0 0 0 0 0 0 0 0 36 0 6 0 0 0 0 0 0 0 0 0 4 24 0 4 36 36 0 0 0 0 36 0 0 0 0 0 0 0 0 0 0 0 0 0 0 42 0 0 40 0 0 0 0 0 0 0 0 0 0 0 0 
54 0 24 45 9 9 60 4 0 0 0 8 35 0 8 78 81 6 15 0 0 0 87 4 34 0 32 14 0 7 0 0 0 0 0 39 0 15 12 25 63 9 8 41 75 0 55 15 0 0 24 2 0 0 0 6 0 20 16 0 21 6 0 0 
0 0 0 0 0 81 0 0 18 14 6 0 0 0 0 16 0 54 0 8 2 0 0 0 54 4 0 0 0 14 0 28 0 0 0 0 0 0 4 0 2 0 0 0 0 0 0 0 0 0 0 26 0 0 0 0 0 0 0 0 0 54 20 0 
15 48 0 0 0 0 0 0 0 0 19 7 0 0 0 0 0 0 0 5 6 0 30 6 0 0 3 12 0 25 0 24 0 0 24 21 31 0 19 0 0 12 0 0 6 0 0 0 0 10 0 48 0 6 0 35 27 0 18 0 1 9 0 0 
40 0 0 45 81 0 0 36 0 9 0 8 35 0 72 63 0 35 43 0 0 24 12 0 32 0 44 47 63 63 0 69 0 0 0 7 26 47 0 33 0 0 136 40 0 0 0 15 21 0 12 63 0 0 0 54 7 0 56 0 0 0 0 0 
0 0 0 0 0 0 0 0 45 0 0 0 32 72 0 0 0 0 0 36 4 10 0 0 0 18 0 0 0 63 0 81 0 0 0 0 0 0 18 16 0 0 2 0 6 12 48 0 0 0 0 108 0 0 16 0 0 0 0 0 0 0 81 14 
0 24 0 0 0 0 0 0 0 21 9 0 0 0 0 42 0 0 0 0 0 0 0 0 0 0 0 22 0 0 0 27 10 0 0 3 0 0 0 0 0 0 0 0 0 0 40 18 0 0 18 24 0 3 0 0 8 0 0 0 24 0 0 0 
45 0 0 27 0 0 0 0 6 0 0 0 0 0 0 0 0 27 0 0 0 27 0 0 0 0 9 0 0 0 0 0 0 0 0 0 12 0 0 0 81 0 0 0 0 0 0 9 0 0 66 0 0 0 0 0 9 0 0 9 0 0 63 0 
37 0 0 27 0 0 0 28 6 81 0 0 0 60 0 10 0 0 0 0 63 0 21 0 0 0 35 0 0 0 0 0 0 0 0 6 12 0 0 5 20 0 0 0 0 0 4 5 0 5 3 0 0 35 63 1 56 0 0 0 0 0 0 0 
8 0 0 0 0 0 0 0 0 49 0 0 0 0 0 2 0 0 0 0 0 0 0 0 0 0 0 0 0 0 12 27 10 0 0 0 0 0 0 0 32 0 0 0 4 0 24 18 0 0 18 0 0 0 0 0 8 8 0 20 0 0 0 0 
3 0 81 136 0 0 8 0 0 39 0 0 105 59 72 0 0 49 18 0 14 0 0 9 49 10 0 78 108 18 9 0 72 0 42 10 6 18 49 46 0 63 0 32 0 0 56 23 21 2 0 27 72 27 0 12 86 0 0 0 7 56 27 0 
35 72 0 32 9 0 0 13 0 13 27 0 0 0 8 42 0 12 0 0 7 28 0 0 6 24 10 18 0 7 0 36 32 0 0 9 0 0 0 15 0 0 44 0 9 0 14 0 0 15 18 72 0 9 0 23 4 15 0 0 20 0 0 0 
0 0 0 50 0 9 20 0 0 0 0 0 0 0 0 20 45 99 0 0 0 0 25 9 6 0 0 6 0 0 0 54 0 0 2 21 0 0 56 0 35 5 0 5 44 0 72 0 7 0 0 2 7 0 0 1 6 1 48 0 17 6 0 4 
34 0 0 32 0 0 0 70 77 56 21 0 9 34 0 57 0 45 56 0 7 0 21 0 0 0 28 51 0 0 0 122 5 0 0 15 0 0 0 6 7 0 0 0 0 35 18 13 49 0 23 77 14 0 6 4 37 28 72 0 0 0 7 0 
25 24 36 38 0 0 36 0 0 4 9 12 0 0 0 40 0 21 0 0 0 28 35 19 42 24 42 22 0 25 0 12 32 0 40 28 0 0 48 0 0 20 36 48 0 0 94 0 0 0 0 24 0 3 0 0 44 0 54 0 47 0 0 0 
0 0 0 35 0 0 26 0 3 0 0 10 0 0 0 8 18 0 35 0 3 30 10 0 40 0 0 0 0 0 0 0 0 0 8 6 25 40 0 10 14 2 0 2 50 0 0 10 28 0 0 0 28 0 0 5 6 4 0 0 32 15 0 16 
0 0 0 0 0 0 0 49 0 0 0 0 0 0 0 15 0 7 14 0 0 0 4 0 0 0 0 6 0 0 0 0 0 0 7 0 0 0 0 0 0 0 0 0 0 0 15 0 0 0 14 56 0 5 0 0 0 28 6 0 9 0 0 0 
0 0 0 27 0 0 18 0 3 15 0 0 20 10 0 0 0 28 0 0 13 25 36 0 0 0 10 0 0 0 0 10 0 0 38 0 10 0 0 0 0 0 5 40 60 30 0 9 70 0 20 40 35 30 18 5 16 5 24 0 40 15 0 55 
0 0 0 0 0 0 0 0 0 0 0 12 0 0 0 0 0 5 42 0 0 36 0 0 48 0 0 1 0 0 0 9 0 0 0 1 30 48 0 12 0 0 0 0 24 0 0 0 0 0 48 0 0 0 0 0 1 40 8 0 0 0 0 0 
0 0 0 26 4 0 0 34 0 0 0 0 24 107 8 36 0 35 2 0 0 0 0 5 0 0 35 0 0 0 0 0 12 0 0 0 0 0 0 61 0 0 0 0 0 0 88 0 0 45 2 64 0 59 87 9 56 4 0 0 5 0 0 0 
0 0 0 0 0 54 48 36 0 0 38 58 0 15 0 25 0 0 13 40 48 6 72 0 8 0 24 10 0 0 0 0 0 48 0 6 13 8 38 2 12 0 0 0 48 0 25 3 0 0 6 24 0 0 0 0 24 36 12 0 23 72 0 0 
0 0 8 57 0 0 0 0 0 0 0 0 30 0 0 0 0 0 4 0 0 0 0 0 0 45 0 0 30 0 0 0 0 0 0 0 0 0 0 0 0 0 0 0 0 0 0 13 0 0 0 0 0 0 0 7 42 0 8 0 0 0 40 0 
0 0 48 38 0 54 0 0 35 18 0 0 24 0 0 8 0 36 24 28 12 30 24 0 36 14 0 0 0 49 0 99 40 0 0 0 12 0 14 0 0 0 6 48 18 36 0 112 42 0 96 88 0 0 0 4 56 0 48 0 0 36 63 42 
27 0 0 0 81 81 84 36 4 12 35 0 9 0 72 91 63 12 14 0 0 0 35 14 12 0 36 0 36 71 0 0 15 56 0 42 24 15 35 0 49 7 72 15 49 4 0 0 0 8 0 4 42 12 0 88 0 28 14 0 0 12 12 0 
0 0 0 30 0 0 0 0 0 2 0 0 0 0 0 5 0 67 0 0 0 14 0 7 9 12 9 0 0 0 0 15 41 0 0 0 0 0 0 0 0 0 18 0 0 0 56 45 0 0 45 0 0 0 0 21 22 0 0 0 17 0 0 0 
87 0 0 0 0 0 4 21 0 66 0 0 123 0 0 52 19 58 0 16 0 0 42 6 15 149 15 0 54 72 0 24 40 0 77 34 51 40 18 35 7 13 0 1 47 0 0 0 0 47 0 0 0 20 0 100 24 0 42 0 40 0 104 0 
40 0 0 0 0 81 8 12 0 15 5 0 36 32 0 0 0 117 0 0 0 24 0 0 76 0 8 41 45 0 0 81 0 8 24 10 0 0 5 20 72 36 0 8 3 0 0 8 0 20 62 16 40 15 0 4 49 9 74 8 0 80 56 0 
25 0 0 36 0 81 96 30 56 36 45 54 0 0 0 0 0 12 48 0 42 12 7 14 36 30 43 12 0 53 8 0 0 134 8 44 0 0 114 58 36 4 0 0 0 40 0 4 6 10 28 6 16 0 0 2 12 43 24 4 0 0 28 0 
