17 18 17 18 21 20 19 23 19 16 17 14 15 20 17 21 23 15 16 23 17 20 16 16 16 17 11 20 18 16 22 17 14 15 18 14 18 17 23 15 14 17 21 17 21 19 21 18 11 14 21 23 15 16 15 22 19 15 13 21 24 22 19 17 
15 8 12 11 12 16 10 14 14 10 11 9 11 12 8 13 12 10 14 16 13 14 17 14 12 10 12 16 12 9 12 12 8 12 17 10 13 12 12 10 14 15 15 16 14 13 14 9 11 10 14 13 11 12 9 11 14 14 10 14 12 7 8 11 
18 17 17 14 20 19 17 20 18 18 18 15 18 16 19 17 19 15 16 20 16 21 16 15 14 16 13 19 15 16 18 14 11 14 22 11 17 15 18 18 8 19 18 20 17 15 21 17 16 12 20 17 14 14 15 14 19 14 17 22 18 13 14 17 
15 17 16 18 20 18 13 17 16 18 15 11 15 17 15 18 19 20 13 17 15 19 17 16 17 16 12 15 15 14 24 16 13 15 18 12 12 12 20 8 16 17 22 18 18 21 16 15 13 18 19 24 15 17 10 16 16 17 12 17 20 18 15 16 
14 17 16 13 17 17 16 19 16 15 15 12 15 14 15 13 16 15 19 20 17 18 16 15 15 15 11 13 13 16 16 13 8 10 18 11 14 13 15 11 15 16 18 15 16 15 20 12 12 13 21 17 13 13 13 17 17 14 12 17 15 14 16 12 
14 17 13 15 14 17 17 19 13 12 17 13 9 14 12 14 17 16 16 17 16 18 14 15 17 10 6 16 15 14 17 13 6 11 18 8 12 13 15 13 15 14 17 13 14 15 17 13 14 13 18 17 10 14 9 17 18 14 10 16 18 12 12 10 
19 13 15 17 19 16 14 18 15 15 13 11 18 17 12 19 19 15 14 18 15 18 17 17 14 14 10 18 13 13 18 15 13 11 19 9 11 15 16 14 14 18 20 14 14 14 20 15 14 11 16 20 12 14 16 16 18 14 13 19 16 13 12 10 
16 15 14 14 18 15 17 15 17 18 14 12 13 14 14 18 17 12 14 14 14 20 15 14 12 12 7 14 13 11 14 12 9 10 18 11 14 11 16 14 13 15 18 14 15 14 13 16 14 12 19 18 13 15 11 13 18 16 11 17 16 11 14 12 
19 15 18 17 21 16 17 20 16 15 17 14 14 17 16 23 20 16 13 16 17 19 17 18 16 14 11 16 17 14 18 17 13 13 19 14 13 13 17 17 14 15 18 15 18 11 18 19 10 12 20 23 15 16 13 18 19 16 14 21 22 19 15 16 
15 11 17 16 14 15 13 17 13 14 16 12 14 13 15 13 17 17 12 16 14 13 16 14 16 12 9 18 15 11 15 15 12 11 18 13 11 15 16 11 14 16 21 15 13 12 16 14 11 15 12 20 15 12 12 11 20 16 12 15 18 12 12 12 
19 18 16 19 17 22 19 19 18 18 18 14 16 20 16 20 17 21 15 17 18 16 15 17 19 18 14 18 16 16 22 19 11 15 21 14 17 16 21 12 14 22 20 20 20 20 18 17 12 17 23 20 19 15 16 17 23 19 14 17 22 20 18 14 
18 19 19 18 23 20 17 17 17 20 21 13 17 17 17 18 19 20 14 19 20 21 19 21 18 17 14 18 18 14 21 15 16 16 22 12 16 16 19 17 15 22 22 20 20 16 17 18 15 19 20 17 17 20 13 17 21 18 18 22 21 16 15 16 
19 22 19 20 25 26 22 25 25 19 22 18 20 22 19 24 23 19 20 25 21 25 20 20 22 17 18 23 19 19 22 18 15 16 28 16 20 19 25 17 18 22 22 23 21 21 22 21 17 16 26 25 18 20 16 24 18 20 19 31 24 22 18 19 
22 18 21 22 20 22 21 20 18 20 19 15 18 20 19 22 21 20 16 22 20 22 18 18 24 15 13 19 22 19 21 18 12 16 21 14 13 15 19 13 18 20 22 18 21 17 17 20 13 18 27 26 13 19 17 19 20 20 11 24 20 22 18 17 
18 19 14 20 19 19 19 18 13 18 16 18 15 18 13 16 16 17 16 18 16 21 13 16 18 16 14 15 13 15 18 14 10 11 21 14 12 8 15 12 14 18 17 15 17 17 15 16 12 14 23 22 16 16 11 18 19 19 16 22 20 17 11 13 
17 18 13 18 18 18 17 20 15 18 14 16 17 22 15 18 17 18 15 19 17 17 17 19 15 20 15 15 14 16 18 17 12 12 21 15 16 14 15 12 18 21 22 15 18 21 16 12 11 17 22 22 14 17 13 19 21 18 11 16 16 17 11 10 
16 16 12 13 20 18 16 17 15 13 13 14 16 15 14 16 17 16 13 15 19 19 15 13 17 14 14 13 16 12 17 16 9 11 17 13 13 9 13 11 13 18 18 15 14 14 17 14 7 12 20 19 15 16 8 14 16 16 15 18 17 16 11 12 
16 15 16 16 13 15 16 12 14 13 16 11 14 14 11 16 14 15 10 14 10 15 11 15 15 11 10 16 11 12 19 12 11 13 16 11 9 9 15 7 14 13 16 16 15 14 10 11 9 12 19 18 15 17 12 14 16 16 11 17 15 15 16 15 
19 15 15 20 23 17 15 17 20 18 18 13 15 14 17 17 19 21 17 20 20 19 13 16 19 17 13 18 15 16 18 15 10 15 19 11 12 16 21 13 15 19 22 18 21 14 17 17 14 19 21 20 17 15 13 17 19 20 12 22 21 18 16 23 
18 22 15 20 22 21 17 21 18 17 18 14 22 20 15 21 18 17 17 17 22 20 20 20 19 21 17 17 16 14 25 17 12 18 24 15 15 17 20 15 16 20 23 19 17 19 19 17 11 15 24 24 18 17 17 19 25 18 14 16 23 17 15 15 
19 17 13 16 21 20 16 18 17 19 19 15 16 17 13 14 18 13 16 17 16 20 11 18 14 15 11 14 11 14 18 12 11 11 22 10 17 11 17 17 12 22 20 16 14 17 18 15 13 14 18 17 15 13 13 17 19 15 19 19 17 12 12 12 
18 19 16 20 19 19 14 21 17 15 17 16 17 23 15 20 20 17 14 19 21 24 18 18 19 18 15 16 14 21 20 15 12 12 23 12 17 13 18 14 19 17 22 16 22 22 17 15 12 18 22 23 13 19 14 20 15 15 11 23 16 19 17 16 
13 16 11 17 15 14 13 18 13 12 12 12 17 17 12 15 14 12 12 16 19 19 14 16 16 16 12 16 13 13 20 12 10 12 17 10 12 12 17 13 14 15 17 14 14 18 13 14 9 12 17 19 13 16 13 12 14 14 8 16 15 14 10 13 
18 21 14 22 24 23 21 19 22 19 19 16 21 17 16 20 25 21 18 20 21 21 15 17 21 15 12 21 16 16 21 18 10 14 23 16 17 16 21 13 15 22 23 18 16 17 21 19 16 14 25 23 18 19 14 19 22 21 15 26 23 19 18 18 
16 16 15 16 16 18 13 18 17 15 14 13 12 16 13 21 16 12 14 13 18 17 16 16 14 14 12 15 12 13 18 16 13 11 17 16 12 9 14 11 16 17 19 16 16 18 15 14 13 14 20 20 14 16 8 13 15 15 15 14 17 17 12 10 
12 16 15 16 16 14 13 15 12 13 20 13 14 10 14 14 15 16 12 17 12 18 14 14 12 11 11 15 16 14 15 11 11 10 18 10 13 11 16 14 10 17 13 10 15 12 15 11 9 13 16 16 18 12 13 14 16 13 12 18 19 12 13 14 
17 12 15 15 16 16 10 19 13 14 15 13 11 16 12 14 14 13 15 18 12 17 13 13 14 11 12 13 14 11 16 11 7 13 15 9 13 10 12 11 10 18 18 15 18 16 14 9 12 13 18 19 10 12 10 14 17 16 12 18 14 13 10 14 
19 15 20 17 22 19 16 19 13 19 19 12 18 20 14 20 19 22 13 18 16 17 17 21 16 17 12 17 19 14 18 14 13 14 21 12 14 15 17 15 12 22 20 15 19 18 18 18 15 16 20 20 12 16 19 16 25 19 14 22 17 17 12 14 
14 15 14 16 16 18 19 16 14 15 16 10 11 18 14 13 16 12 9 15 17 15 11 15 15 12 9 13 13 14 17 15 13 10 14 10 12 11 16 10 9 12 13 12 14 13 14 15 7 9 18 18 12 13 10 16 14 12 10 19 17 16 12 11 
20 22 18 20 23 23 22 19 19 20 23 15 20 21 18 21 23 22 18 22 18 24 19 21 22 19 13 22 19 19 25 20 14 15 24 15 20 16 20 16 20 22 24 18 18 20 22 15 15 18 25 25 18 19 16 23 24 19 17 25 23 22 17 19 
22 19 17 17 23 20 20 16 16 15 18 14 17 20 14 23 20 21 14 24 17 24 17 18 18 15 14 23 19 11 24 19 11 13 23 14 15 15 19 14 18 20 25 19 16 19 17 17 16 15 23 22 16 19 13 18 21 20 13 24 19 16 14 14 
16 14 14 13 17 14 18 18 19 16 16 9 16 18 15 16 17 13 17 16 14 17 12 13 16 16 12 16 11 14 17 14 9 11 19 10 13 14 17 12 12 18 21 18 17 16 14 16 10 14 18 17 16 13 11 17 18 11 12 16 14 12 11 15 
21 15 17 16 23 16 17 19 17 15 20 12 14 21 17 21 21 18 19 21 17 24 16 22 18 19 16 20 17 15 21 17 13 10 23 14 16 12 18 13 16 19 26 20 19 19 20 20 12 16 21 21 18 17 14 20 20 17 14 22 19 19 14 15 
15 16 16 17 22 19 17 22 19 15 18 12 15 18 17 16 22 15 16 16 18 20 15 17 19 14 12 17 16 17 21 14 10 13 20 14 16 14 16 12 11 17 17 15 17 16 20 15 9 13 20 20 17 16 15 17 14 15 13 22 18 17 17 18 
16 18 19 21 19 22 14 20 17 22 22 13 16 17 16 19 20 17 12 17 18 20 20 16 18 17 15 16 18 17 22 16 16 15 23 15 16 15 22 14 18 19 20 15 19 21 17 15 12 19 19 26 16 17 13 18 17 16 15 21 22 19 18 19 
16 17 15 19 13 18 17 15 15 18 18 12 14 18 8 14 18 18 12 16 17 16 14 15 17 12 8 17 11 14 19 16 14 12 16 11 14 14 19 12 15 18 19 14 19 16 16 12 12 12 18 17 15 13 12 17 20 17 13 21 16 12 14 15 
10 17 17 13 19 18 17 17 14 13 16 8 15 18 16 17 18 16 12 15 15 20 15 15 14 14 11 12 18 13 18 12 12 11 19 12 14 12 14 12 12 14 16 11 15 18 16 15 11 16 21 19 14 19 9 16 17 15 13 19 15 15 10 12 
19 19 15 17 17 19 22 18 16 20 18 13 14 18 13 20 18 17 14 17 16 19 17 15 13 16 9 14 17 13 19 15 14 12 20 16 14 14 22 14 13 21 16 14 20 19 15 14 11 14 24 21 17 12 13 19 19 18 13 17 18 15 18 14 
17 14 16 18 20 17 15 23 20 15 14 16 17 20 19 21 19 20 17 18 18 22 19 16 18 17 15 17 16 10 23 21 9 13 20 11 15 16 22 13 14 17 22 17 20 19 19 17 15 13 23 25 17 16 13 21 21 15 13 18 24 19 17 14 
12 13 10 11 15 13 13 13 11 11 15 8 11 16 13 18 16 12 12 15 13 14 13 13 9 15 13 10 13 8 17 9 9 6 16 9 10 12 10 12 13 13 15 10 13 15 12 13 10 10 16 13 9 15 9 16 16 10 11 15 14 15 8 9 
16 16 13 16 11 13 13 16 10 14 12 13 12 14 13 16 14 14 14 15 12 17 16 16 13 15 13 16 15 15 14 17 10 13 18 12 10 9 14 11 15 15 17 17 13 14 14 10 12 14 17 20 9 11 11 15 19 14 9 11 17 14 7 11 
13 15 17 15 16 12 11 15 14 15 15 11 13 14 10 14 16 11 7 13 14 15 13 16 13 14 7 14 12 13 15 13 12 12 16 13 12 14 15 15 10 17 18 13 14 13 14 13 13 13 13 15 16 12 13 11 14 14 11 18 11 9 12 14 
22 17 17 20 22 19 21 23 21 17 18 19 16 24 17 24 25 22 20 18 23 22 19 22 17 21 15 23 18 17 24 17 15 15 24 17 18 15 17 19 18 22 24 21 23 21 23 19 18 17 23 20 16 22 14 18 23 21 18 23 24 18 11 17 
19 15 14 16 16 15 16 19 18 17 13 15 15 14 15 15 18 13 18 23 17 18 18 13 17 13 10 17 12 13 18 15 6 12 15 14 16 15 19 14 15 17 23 16 16 15 17 13 13 11 20 20 16 11 15 17 18 17 12 19 18 14 16 12 
10 13 13 14 13 11 12 14 11 13 14 10 12 15 12 13 13 12 8 11 15 15 9 14 10 14 12 10 8 13 16 11 12 7 16 9 8 9 13 12 6 11 14 10 11 13 13 12 10 12 17 12 12 14 11 12 15 10 11 12 15 11 10 11 
16 18 16 18 19 17 18 19 17 12 13 13 16 17 13 16 20 17 17 18 18 22 16 19 16 16 12 17 17 16 20 15 11 16 22 13 14 12 14 12 18 18 21 16 17 18 18 16 14 14 23 19 14 20 11 20 16 17 9 20 17 17 12 16 
16 16 15 19 16 18 13 17 16 16 17 16 15 17 15 18 15 14 16 14 13 17 15 20 14 18 14 14 9 15 17 18 19 12 18 12 15 15 15 14 14 18 17 16 16 14 18 10 13 14 18 19 14 14 14 22 20 15 16 17 17 13 11 10 
17 21 18 18 21 21 18 20 18 20 21 15 21 20 16 19 19 17 13 22 19 20 19 15 20 12 9 18 19 17 18 15 12 13 23 14 18 15 23 18 15 21 21 16 19 18 17 17 15 14 19 23 14 14 13 16 19 16 15 28 17 15 15 17 
16 21 14 18 18 22 19 21 17 17 14 15 16 18 15 17 18 15 16 15 19 23 14 19 18 16 13 14 14 16 18 16 13 16 21 15 13 11 18 14 15 21 19 16 15 16 17 18 11 17 24 22 17 15 12 18 21 19 16 18 21 17 14 11 
8 13 13 13 15 16 13 14 13 9 12 9 14 15 10 13 17 16 12 12 15 15 12 16 12 14 13 16 12 10 18 14 10 8 21 11 12 14 12 12 13 16 15 11 8 15 16 13 11 11 16 18 12 14 11 13 14 15 11 17 15 13 10 11 
20 18 20 20 19 17 20 22 18 23 22 14 17 19 19 20 19 20 17 21 20 17 16 16 18 18 16 20 15 18 22 14 14 13 24 16 14 14 23 18 13 20 20 18 17 19 18 18 14 20 21 23 19 16 16 16 20 14 19 19 22 16 11 15 
11 15 13 14 12 14 11 15 13 11 14 13 13 12 14 15 15 13 13 14 13 16 14 12 12 9 11 15 11 10 16 13 8 10 19 9 13 11 15 15 12 12 15 11 13 14 13 12 14 10 16 18 12 14 9 14 18 9 11 14 17 10 13 12 
17 15 15 19 18 18 18 14 17 18 16 12 10 18 14 13 19 19 15 21 18 20 13 17 16 14 14 14 14 14 20 16 12 11 19 11 12 11 17 11 16 14 19 16 17 14 16 14 11 16 21 19 16 19 10 17 18 20 12 20 18 15 14 13 
18 20 16 20 24 24 18 20 17 20 17 15 18 18 16 19 16 18 15 18 17 19 17 20 19 17 16 19 14 17 19 20 13 14 21 15 15 12 19 13 15 20 23 18 17 21 17 18 11 16 22 25 18 15 11 19 22 19 15 22 24 20 17 14 
15 13 14 15 15 13 14 17 15 12 15 11 13 15 18 17 20 14 14 17 16 20 13 14 14 14 13 16 17 14 18 12 10 10 17 10 13 12 17 12 11 16 18 15 13 11 17 15 7 15 18 19 15 15 12 12 17 14 12 14 18 16 11 15 
17 16 15 22 19 18 19 21 18 19 19 18 14 17 14 17 20 18 15 15 19 21 16 19 17 16 12 17 15 16 21 15 12 14 20 14 15 14 17 15 13 20 20 13 20 19 18 14 15 17 23 18 18 19 10 16 20 18 14 19 23 14 15 18 
17 18 14 17 19 18 17 13 17 17 13 13 15 16 12 12 14 17 11 15 15 17 12 14 16 14 9 12 11 17 16 13 9 13 17 11 14 9 16 11 14 14 20 16 15 14 13 14 8 15 19 19 15 13 11 16 17 18 14 18 16 15 12 10 
19 16 18 21 20 21 21 22 22 21 19 18 19 21 20 20 20 21 15 25 18 19 17 16 16 21 17 18 21 16 22 19 11 14 23 16 15 18 23 13 17 20 24 17 21 22 17 20 14 18 26 24 16 17 14 20 23 19 12 20 26 23 18 17 
12 15 15 14 19 15 12 19 16 15 12 13 16 17 15 16 16 13 13 15 14 18 16 17 11 18 13 14 13 12 16 14 15 13 17 13 12 14 15 14 11 14 16 16 17 14 16 13 12 14 16 18 11 15 11 15 16 14 13 16 15 13 12 12 
12 14 13 13 18 16 17 18 17 17 15 11 13 17 11 13 15 17 15 21 16 16 14 11 14 12 11 15 16 11 15 15 11 8 15 11 13 13 16 11 14 18 20 15 16 17 13 12 10 13 18 20 12 11 7 15 15 16 10 17 15 12 9 11 
23 20 17 19 21 19 20 18 17 18 17 16 20 22 17 18 17 18 14 22 19 20 13 18 19 18 14 19 14 17 20 16 13 13 23 12 15 15 19 16 17 22 23 20 17 17 14 16 11 18 19 23 14 16 16 18 19 18 12 24 16 15 14 13 
20 16 19 19 22 21 20 20 19 21 18 15 18 20 12 16 16 19 14 18 20 18 14 20 15 18 15 15 14 15 18 17 13 12 22 12 11 14 15 16 13 22 19 17 18 18 14 15 16 16 24 22 13 15 11 16 21 19 17 17 18 13 11 13 
15 18 16 19 13 18 15 19 12 16 13 13 12 14 13 16 18 17 11 15 16 20 16 13 16 10 9 13 13 17 17 17 12 13 19 13 13 13 19 14 13 17 13 10 15 14 17 9 11 15 20 20 14 13 12 17 14 13 12 15 16 11 15 12 
21 18 17 18 19 20 18 22 20 18 21 17 13 24 19 21 20 19 18 20 20 24 15 20 18 16 16 18 14 18 24 19 16 13 21 14 17 11 19 14 20 22 23 20 23 19 17 14 11 21 23 20 18 20 11 20 20 22 15 22 23 19 17 18 
