1346 1261 1403 1463 1386 1193 1514 1546 1228 1387 1059 1584 1342 1479 1326 1375 1368 1353 1470 1376 1275 1297 1300 1427 1463 1296 1286 1384 1411 1245 1492 1213 1482 1270 1476 1369 1326 1325 1387 1270 1523 1231 1444 1358 1367 1173 1314 1315 1192 1437 1301 1445 1238 1510 1465 1180 1180 1340 1392 1175 1412 1365 1238 1473 
1028 1108 1154 1315 1208 977 1189 1335 1043 1168 747 1309 1204 1154 1256 1104 1116 1151 1273 1079 1140 1051 1140 1241 1114 1080 1122 1207 1114 992 1282 1221 1257 1051 1297 1178 1174 1235 1084 1138 1215 1187 1128 1233 1060 1084 1114 1181 1071 1282 1117 1192 1019 1242 1190 981 1119 1161 1070 1034 1158 1161 1106 1115 
1021 1063 1285 1334 1253 979 1295 1215 973 1226 970 1251 1210 1276 1052 1172 1222 1089 1198 947 996 969 1086 1346 1155 1086 1114 1273 1177 904 1251 1100 1331 983 1224 1130 1203 1067 1075 1035 1232 1049 1145 1223 1133 988 1097 1176 979 1065 1141 1226 1041 1089 1214 1089 1142 1001 897 853 1168 1100 966 1160 
1244 1153 1120 1243 1328 874 1278 1229 968 1222 979 1315 1117 1241 1283 1147 1226 1066 1274 1105 1167 1182 1039 1123 1234 1120 1280 1185 1268 1013 1386 1107 1319 1121 1239 1174 1194 1065 1112 1090 1306 1094 1280 1202 1155 935 1112 1033 1096 1336 1053 1232 1094 1251 1304 1021 1071 1206 1030 991 1152 1138 1043 1139 
1282 1185 1363 1365 1445 1119 1579 1479 1238 1391 1184 1488 1421 1396 1252 1302 1359 1256 1414 1465 1301 1169 1265 1447 1399 1304 1267 1359 1420 1104 1508 1256 1377 1240 1411 1450 1478 1177 1221 1223 1342 1365 1355 1420 1268 1176 1281 1260 1244 1421 1302 1416 1222 1523 1359 1167 1259 1421 1205 1207 1416 1372 1258 1471 
1200 1148 1171 1211 1397 1084 1325 1397 1137 1234 1135 1447 1276 1395 1232 1189 1278 1221 1348 1253 1262 1083 1143 1488 1205 1348 1250 1280 1350 1118 1405 1138 1334 1231 1357 1292 1282 1132 1250 1133 1284 1233 1232 1334 1222 1139 1206 1259 1182 1372 1211 1367 1146 1324 1269 1083 1207 1287 1067 1016 1169 1284 1152 1334 
1204 1088 1180 1192 1199 1071 1344 1282 1117 1087 1092 1344 1272 1170 1197 1119 1248 1148 1288 1213 1124 999 1032 1269 1100 1138 1123 1122 1261 1135 1377 1038 1231 1056 1177 1210 1142 1057 1184 905 1148 1092 1194 1250 1113 1158 1229 1184 1076 1360 1192 1239 1047 1193 1181 1047 1032 1178 1066 866 1198 1175 1049 1299 
1235 1235 1388 1366 1394 1140 1566 1416 1179 1290 1117 1485 1257 1378 1299 1388 1308 1202 1282 1232 1236 1172 1142 1418 1245 1295 1345 1313 1442 1164 1529 1291 1387 1155 1387 1335 1344 1205 1297 1157 1399 1241 1236 1361 1386 1133 1188 1230 1112 1346 1310 1333 1143 1367 1452 1115 1161 1324 1156 1132 1406 1311 1127 1283 
1323 1191 1388 1373 1487 1066 1468 1435 1067 1259 1040 1458 1323 1432 1280 1292 1305 1264 1504 1262 1240 1185 1228 1493 1385 1173 1254 1391 1400 1171 1550 1274 1499 1147 1401 1330 1388 1300 1254 1185 1442 1271 1325 1399 1283 1115 1183 1389 1223 1473 1326 1438 1096 1352 1474 1186 1225 1424 1171 1196 1202 1375 1207 1326 
1131 1128 1271 1300 1461 1101 1435 1260 1133 1309 975 1478 1258 1201 1315 1352 1313 1165 1319 1219 1219 1175 1236 1367 1251 1220 1279 1349 1274 1055 1343 1238 1413 1177 1436 1357 1247 1106 1231 1246 1234 1224 1334 1233 1200 1140 1146 1285 1211 1298 1224 1350 1323 1362 1253 1301 1185 1301 1186 1090 1208 1218 1247 1271 
1250 1285 1235 1424 1396 1160 1390 1478 1281 1369 1181 1518 1345 1461 1318 1205 1470 1171 1458 1264 1220 1268 1268 1437 1380 1334 1314 1436 1439 1218 1434 1206 1420 1264 1367 1355 1402 1234 1403 1254 1386 1224 1483 1450 1385 1163 1308 1252 1138 1389 1271 1538 1104 1324 1531 1220 1254 1265 1264 1059 1279 1411 1206 1434 
1173 1222 1309 1270 1481 1069 1342 1469 1119 1291 1024 1386 1447 1467 1290 1221 1450 1101 1376 1203 1299 1267 1210 1373 1381 1304 1335 1392 1467 1202 1543 1357 1485 1178 1458 1321 1375 1250 1279 1325 1426 1153 1312 1233 1312 1164 1150 1267 1290 1418 1309 1384 1224 1381 1452 1238 1261 1394 1204 1138 1380 1297 1226 1279 
1180 1237 1215 1387 1331 1097 1265 1391 1095 1368 1062 1483 1347 1406 1271 1293 1325 1146 1528 1211 1214 1125 1186 1375 1322 1205 1202 1323 1321 1112 1306 1264 1462 1223 1321 1362 1260 1204 1186 1212 1293 1285 1287 1309 1266 1260 1168 1256 1201 1355 1273 1430 1186 1300 1414 1329 1191 1298 1120 1118 1314 1258 1225 1368 
1145 1378 1400 1416 1354 1216 1552 1436 1127 1351 1201 1429 1471 1470 1427 1356 1378 1286 1459 1341 1275 1331 1117 1363 1420 1287 1402 1385 1550 1176 1556 1313 1440 1140 1371 1558 1467 1161 1271 1193 1383 1232 1460 1376 1341 1156 1355 1335 1211 1564 1347 1448 1359 1273 1477 1296 1314 1522 1302 1294 1396 1371 1350 1344 
1132 1169 1311 1346 1548 1262 1390 1334 1220 1345 1051 1477 1456 1344 1245 1267 1340 1317 1252 1225 1197 1069 1177 1347 1186 1329 1185 1385 1273 1127 1337 1298 1228 1189 1427 1303 1375 1156 1275 1246 1290 1243 1212 1257 1189 1144 1257 1254 1225 1323 1187 1158 1199 1354 1350 1278 1176 1264 1211 1114 1270 1207 1250 1351 
1201 1276 1295 1325 1247 1090 1363 1346 1037 1318 1051 1416 1305 1447 1352 1211 1353 1154 1410 1313 1249 1144 1056 1428 1366 1220 1344 1313 1417 1184 1378 1353 1520 1145 1427 1288 1368 1221 1240 1313 1280 1265 1379 1317 1348 1281 1257 1307 1212 1327 1139 1406 1218 1262 1332 1102 1165 1331 1089 947 1281 1360 1172 1241 
1192 1187 1291 1392 1371 1068 1355 1523 1204 1324 1101 1460 1384 1430 1179 1221 1292 1090 1386 1292 1243 1049 1304 1512 1213 1375 1272 1475 1396 1213 1483 1242 1392 1238 1499 1340 1293 1192 1419 1147 1461 1279 1327 1372 1246 1154 1163 1353 1188 1361 1391 1405 1234 1538 1438 1131 1288 1348 1234 1133 1264 1407 1216 1416 
1230 1256 1285 1341 1375 1070 1435 1459 1175 1390 1171 1512 1289 1456 1237 1317 1428 1185 1467 1409 1190 1286 1172 1514 1367 1268 1333 1265 1558 1366 1478 1186 1489 1127 1451 1459 1366 1194 1308 1306 1403 1291 1380 1429 1383 1191 1257 1267 1207 1475 1336 1506 1068 1351 1461 1075 1279 1430 1161 1174 1217 1355 1208 1346 
1145 1452 1254 1454 1526 1181 1545 1460 1183 1432 1326 1460 1439 1439 1394 1201 1355 1223 1440 1298 1363 1277 1148 1332 1247 1314 1398 1372 1410 1271 1623 1379 1457 1187 1410 1368 1490 1241 1313 1211 1541 1295 1353 1476 1372 1184 1313 1127 1316 1371 1435 1452 1336 1452 1448 1300 1198 1319 1091 1130 1349 1265 1263 1391 
1200 1151 1289 1286 1230 1179 1358 1309 1199 1203 1006 1460 1246 1348 1199 1366 1383 1024 1246 1321 1156 1164 1027 1426 1272 1305 1359 1263 1430 1100 1369 1107 1480 1053 1358 1348 1290 1154 1275 1283 1197 1200 1434 1337 1208 1110 1213 1251 966 1399 1137 1354 1282 1207 1371 1107 1070 1294 1241 1147 1186 1261 1200 1298 
1024 1243 1302 1465 1312 1208 1343 1353 1096 1325 1059 1432 1410 1434 1260 1247 1310 1211 1330 1167 1200 1302 1195 1478 1242 1293 1187 1307 1371 1100 1327 1256 1424 1181 1409 1385 1343 1261 1244 1255 1411 1196 1374 1346 1283 1044 1163 1285 1282 1282 1311 1278 1263 1283 1336 1199 1221 1235 1275 1201 1257 1203 1241 1307 
1251 1307 1462 1430 1518 1100 1523 1489 1207 1420 1091 1544 1397 1453 1297 1378 1392 1207 1506 1260 1249 1197 1375 1589 1365 1224 1214 1524 1439 1197 1503 1267 1493 1205 1440 1480 1378 1190 1236 1304 1408 1357 1368 1514 1310 1153 1147 1438 1221 1371 1435 1403 1085 1296 1495 1244 1317 1380 1217 1220 1245 1354 1304 1392 
1212 1281 1312 1404 1334 1123 1421 1427 1239 1340 976 1509 1332 1484 1361 1302 1454 1171 1334 1312 1204 1224 1216 1432 1228 1231 1270 1312 1332 1211 1526 1329 1355 1137 1457 1392 1326 1228 1256 1154 1304 1231 1383 1317 1290 1099 1224 1330 1162 1502 1205 1339 1250 1239 1451 1278 1215 1430 1211 1188 1225 1463 1377 1268 
1111 1144 1135 1279 1310 1108 1309 1353 1277 1139 966 1375 1315 1234 1188 1180 1214 1068 1213 1206 1271 1090 1095 1321 1057 1307 1206 1122 1332 982 1402 1197 1289 1097 1382 1249 1220 1190 1119 1059 1249 1186 1244 1227 1183 1059 1129 1059 1151 1375 1132 1265 1066 1270 1449 1066 1064 1324 1181 1076 1249 1230 1090 1304 
1302 1435 1284 1387 1415 1186 1551 1499 1130 1332 1134 1569 1321 1480 1405 1359 1298 1362 1404 1251 1323 1308 1227 1527 1260 1313 1412 1297 1482 1176 1566 1251 1565 1175 1442 1462 1402 1158 1311 1213 1540 1376 1394 1423 1385 1060 1281 1370 1238 1441 1386 1365 1385 1550 1397 1226 1353 1395 1069 1223 1288 1281 1355 1442 
1168 1239 1395 1361 1345 1150 1563 1403 1217 1422 971 1530 1422 1444 1414 1352 1497 1167 1335 1257 1193 1221 1254 1365 1156 1196 1323 1272 1435 1078 1442 1289 1446 1221 1339 1539 1459 1186 1302 1222 1275 1179 1422 1345 1282 1209 1269 1312 1214 1423 1186 1389 1314 1251 1461 1233 1159 1310 1243 1173 1339 1371 1332 1253 
1269 1224 1301 1459 1314 1110 1456 1446 1204 1350 1066 1562 1346 1449 1374 1367 1388 1317 1447 1221 1220 1149 1111 1393 1342 1279 1232 1349 1394 1169 1374 1239 1452 1129 1371 1462 1360 1199 1280 1151 1242 1342 1441 1497 1201 1147 1320 1393 1070 1445 1249 1373 1219 1338 1373 1201 1318 1338 1216 1256 1243 1488 1286 1365 
1196 1089 1195 1321 1459 1071 1342 1434 1213 1385 1112 1436 1379 1299 1269 1125 1354 1237 1333 1254 1141 1107 1326 1352 1213 1296 1168 1327 1288 1203 1396 1182 1258 1177 1414 1282 1362 1121 1252 1265 1320 1121 1227 1322 1183 1215 1280 1199 1246 1221 1219 1345 1158 1402 1358 1174 1259 1260 1101 987 1253 1221 1133 1325 
1187 1332 1383 1428 1371 1109 1576 1396 1108 1353 1166 1398 1414 1402 1396 1270 1280 1280 1355 1349 1283 1359 1174 1342 1330 1262 1340 1384 1460 1338 1598 1422 1421 1043 1478 1284 1251 1205 1247 1269 1520 1248 1346 1393 1292 1117 1343 1299 1228 1416 1399 1302 1276 1370 1335 1107 1265 1345 1196 1164 1314 1265 1303 1212 
1169 1104 1246 1384 1203 1145 1392 1392 1136 1255 1131 1455 1214 1401 1234 1243 1269 1210 1312 1249 1148 1197 1198 1456 1196 1200 1111 1311 1414 1143 1366 980 1304 1116 1334 1427 1279 1156 1280 1070 1307 1199 1331 1402 1190 1125 1224 1257 1153 1385 1356 1443 1164 1304 1294 1179 1247 1226 1139 1152 1320 1238 1129 1298 
1231 1125 1288 1367 1455 1183 1441 1419 1179 1349 1180 1514 1369 1398 1304 1342 1370 1254 1251 1331 1284 1173 1202 1464 1246 1337 1216 1373 1437 1109 1508 1272 1316 1166 1519 1428 1424 1276 1318 1114 1384 1308 1284 1369 1267 1079 1179 1197 1265 1393 1266 1268 1184 1487 1381 1166 1207 1342 1179 1316 1360 1389 1249 1302 
1271 1149 1218 1262 1329 957 1357 1382 999 1213 966 1465 1243 1310 1212 1201 1201 1027 1405 1274 1246 1041 1086 1360 1251 1162 1284 1185 1262 1007 1355 1231 1310 1083 1331 1198 1313 1250 1194 1265 1274 1116 1199 1164 1144 971 1170 1207 1093 1349 1081 1282 1162 1434 1330 1048 1129 1246 1224 1118 1192 1162 1195 1226 
1180 1216 1326 1443 1365 1264 1462 1339 1247 1324 1117 1496 1526 1368 1323 1345 1244 1147 1419 1353 1333 1253 1296 1526 1209 1439 1404 1362 1457 1157 1414 1399 1381 1170 1374 1380 1361 1271 1338 1203 1328 1278 1321 1389 1317 1286 1353 1331 1237 1429 1293 1424 1269 1489 1528 1186 1182 1406 1337 1221 1383 1288 1235 1471 
1194 1200 1328 1427 1495 1207 1596 1472 1201 1315 1169 1435 1494 1413 1294 1283 1351 1352 1463 1150 1338 1124 1193 1402 1225 1355 1347 1219 1467 1036 1484 1252 1440 1141 1391 1431 1382 1181 1272 1143 1343 1247 1282 1310 1216 1100 1305 1364 1204 1418 1263 1412 1269 1463 1399 1182 1237 1316 1203 1150 1292 1258 1181 1389 
1046 1084 1035 1167 1264 1027 1243 1107 949 1074 950 1190 1174 1186 1084 1134 1053 1048 1201 1022 1034 947 952 1178 994 1143 1100 1041 1098 886 1352 983 1094 1079 1039 1170 1121 1002 1029 881 1232 1068 1123 1187 972 1013 1047 1174 1096 1249 1058 1158 1006 1121 1288 998 973 1068 1013 959 1114 1041 963 1156 
1156 1202 1117 1342 1286 1047 1344 1362 1089 1149 883 1443 1249 1223 1148 1091 1291 1109 1202 1129 970 954 1195 1254 1158 1145 1087 1183 1241 1147 1303 1167 1367 1068 1264 1169 1190 1075 1061 1192 1242 1090 1203 1260 1132 1043 1170 1211 1124 1266 1094 1308 1086 1261 1306 1160 1138 1163 1116 943 1084 1128 1157 1314 
1365 1248 1401 1498 1507 1268 1552 1493 1268 1452 1234 1564 1357 1573 1380 1454 1474 1295 1523 1324 1349 1259 1272 1485 1454 1364 1369 1487 1507 1165 1490 1307 1456 1264 1369 1446 1466 1277 1374 1211 1315 1346 1528 1406 1361 1139 1303 1321 1209 1636 1265 1492 1269 1407 1457 1330 1221 1417 1258 1247 1365 1375 1215 1420 
1329 1409 1501 1531 1475 1289 1670 1475 1382 1474 1221 1660 1412 1544 1550 1427 1531 1330 1515 1377 1381 1398 1306 1601 1380 1441 1413 1461 1585 1260 1582 1411 1550 1304 1497 1575 1458 1325 1434 1326 1492 1428 1558 1628 1405 1358 1419 1443 1231 1553 1508 1454 1371 1473 1478 1407 1453 1504 1315 1168 1561 1491 1419 1419 
1090 1080 1152 1142 1056 858 1319 1315 1032 1192 1116 1247 1113 1339 1049 1151 1207 1096 1130 1187 980 1061 1002 1228 1182 1098 1166 1054 1330 1099 1303 971 1246 1014 1190 1270 1165 945 1059 1046 1304 1072 1175 1272 1090 813 1122 1047 1023 1261 1118 1250 971 1224 1235 951 1112 1143 1008 1125 1125 1233 1103 1152 
1035 1030 1144 1213 1270 965 1295 1235 1163 1091 1028 1255 1033 1163 1160 1015 1258 1075 1192 1022 1041 989 1026 1188 1190 1107 1159 1213 1333 877 1277 969 1164 1022 1237 1319 1156 1126 1127 965 1230 1027 1112 1341 1052 991 1106 1094 950 1308 1140 1359 935 1256 1234 1034 1198 1136 971 901 1203 1277 1016 1281 
1384 1519 1517 1590 1627 1361 1649 1632 1473 1468 1319 1690 1493 1690 1571 1355 1596 1413 1650 1456 1509 1495 1311 1549 1527 1528 1447 1588 1684 1434 1730 1423 1568 1379 1546 1632 1609 1250 1636 1279 1608 1465 1558 1710 1418 1398 1473 1517 1443 1679 1487 1659 1433 1549 1675 1422 1418 1529 1350 1328 1403 1532 1436 1599 
1229 1411 1341 1489 1480 1283 1551 1525 1214 1410 1056 1652 1443 1494 1361 1285 1373 1303 1468 1341 1328 1311 1261 1488 1403 1346 1312 1483 1458 1218 1509 1440 1545 1181 1546 1478 1543 1291 1371 1383 1455 1242 1410 1473 1397 1213 1321 1507 1294 1410 1265 1547 1355 1459 1495 1269 1301 1309 1359 1313 1342 1349 1361 1406 
1073 1297 1230 1406 1419 1117 1486 1409 1205 1397 1081 1383 1333 1378 1275 1308 1441 1258 1355 1263 1240 1223 1126 1390 1263 1276 1195 1413 1321 1231 1474 1363 1396 1018 1453 1335 1372 1277 1298 1156 1395 1306 1501 1406 1327 1053 1230 1156 1151 1322 1409 1319 1167 1254 1374 1165 1182 1323 1142 1153 1233 1408 1220 1238 
1212 1154 1243 1280 1365 1027 1456 1375 1086 1270 1024 1432 1156 1279 1174 1335 1325 1171 1302 1329 1082 1134 1181 1407 1310 1187 1237 1302 1381 1118 1375 1151 1389 976 1434 1418 1251 1109 1094 1270 1257 1196 1241 1292 1187 1080 1172 1333 1053 1369 1181 1417 1162 1397 1266 1129 1380 1320 1077 1159 1247 1214 1259 1217 
1090 1216 1285 1319 1296 1088 1387 1407 1158 1257 1068 1375 1384 1403 1315 1132 1284 1209 1320 1239 1233 1116 1180 1356 1333 1200 1342 1341 1351 1056 1523 1314 1326 1149 1433 1356 1339 1078 1222 1175 1251 1233 1169 1293 1290 1203 1190 1278 1133 1300 1117 1386 1195 1321 1421 1176 1246 1348 1016 1003 1272 1358 1192 1392 
1308 1304 1443 1455 1590 1133 1651 1618 1307 1683 1162 1527 1486 1499 1354 1384 1421 1343 1428 1267 1286 1260 1257 1503 1400 1417 1334 1395 1480 1275 1597 1237 1550 1183 1462 1449 1398 1254 1346 1316 1509 1404 1403 1531 1455 1166 1393 1327 1162 1383 1457 1620 1262 1509 1409 1265 1374 1298 1139 1186 1320 1230 1338 1467 
1187 1256 1272 1272 1258 1057 1454 1374 974 1214 1033 1412 1327 1277 1236 1103 1291 1222 1356 1190 1134 1145 1053 1305 1215 1113 1128 1158 1298 1193 1393 1138 1261 1020 1286 1300 1275 1156 1168 1071 1258 1134 1167 1301 1220 1098 1261 1244 1101 1265 1325 1256 1018 1250 1211 1093 1157 1204 1168 1062 1313 1124 1174 1186 
1141 1189 1264 1460 1311 1004 1409 1535 1092 1243 1136 1413 1454 1389 1188 1231 1345 1238 1585 1340 1248 1104 1199 1385 1255 1191 1368 1331 1435 1236 1388 1368 1503 1179 1340 1299 1415 1344 1251 1186 1331 1304 1362 1376 1314 1207 1249 1266 1158 1390 1338 1410 1233 1396 1442 1080 1334 1403 1303 1199 1257 1301 1205 1287 
1268 1275 1197 1124 1384 999 1359 1384 1126 1329 1193 1491 1207 1368 1207 1243 1397 1197 1278 1236 1136 1184 1004 1248 1355 1266 1284 1340 1456 1126 1282 1219 1471 1072 1402 1386 1248 1194 1096 1251 1250 1193 1376 1412 1232 1000 1221 1138 1189 1405 1220 1292 1086 1285 1348 1085 1205 1255 1182 1208 1292 1177 1228 1267 
1078 965 958 1213 1119 886 1158 1061 865 1106 764 1090 1052 1195 1155 1023 1153 987 1067 1042 902 907 964 1091 1063 972 1100 1033 1024 873 1322 1077 1137 922 1063 928 1088 1044 972 972 1106 967 1066 1033 1103 838 965 996 932 1216 823 1139 910 983 1216 980 787 1151 964 922 957 1085 943 1009 
1285 1367 1468 1427 1481 1163 1607 1471 1091 1375 1308 1449 1431 1520 1402 1308 1451 1461 1519 1341 1355 1288 1201 1433 1435 1339 1441 1371 1507 1228 1475 1376 1535 1342 1546 1402 1527 1382 1346 1341 1535 1268 1435 1438 1352 1156 1489 1176 1245 1441 1228 1409 1290 1554 1528 1179 1311 1372 1217 1142 1363 1470 1279 1321 
1188 1277 1289 1381 1412 1122 1517 1443 1209 1364 1113 1425 1478 1410 1346 1312 1322 1260 1394 1364 1212 1261 1277 1399 1260 1359 1196 1381 1399 1210 1509 1212 1344 1244 1334 1406 1328 1119 1255 1146 1380 1132 1256 1387 1244 1198 1295 1349 1180 1318 1226 1361 1311 1363 1326 1400 1300 1268 1265 1207 1335 1251 1307 1366 
1082 1023 1164 1244 1247 937 1398 1361 1109 1314 1069 1311 1227 1309 1188 1122 1337 1234 1262 1173 1110 1114 1094 1249 1226 1149 1204 1209 1278 1061 1270 1057 1171 1216 1164 1423 1283 1089 1297 1070 1132 1259 1323 1306 1138 1032 1176 1094 1115 1355 1213 1229 1100 1332 1344 1010 1042 1276 1074 1111 1189 1315 1062 1330 
1234 1109 1313 1331 1319 1097 1493 1369 1181 1385 1020 1448 1193 1410 1215 1215 1407 1230 1350 1287 1276 1303 1089 1386 1338 1236 1204 1327 1300 1050 1405 1231 1435 1211 1388 1357 1332 1247 1329 1125 1435 1260 1327 1417 1206 1092 1241 1259 1066 1407 1315 1444 1158 1322 1326 1195 1210 1209 1092 1155 1324 1409 1242 1320 
1471 1489 1500 1489 1470 1405 1659 1628 1453 1392 1352 1748 1595 1654 1454 1402 1688 1423 1588 1696 1533 1375 1264 1711 1514 1524 1459 1449 1637 1279 1601 1530 1705 1362 1704 1651 1752 1386 1506 1393 1482 1512 1782 1649 1455 1364 1475 1481 1316 1726 1389 1550 1456 1598 1666 1272 1333 1557 1362 1237 1487 1669 1375 1552 
1152 1262 1421 1365 1307 1058 1451 1480 1217 1262 1114 1408 1321 1291 1155 1267 1342 1171 1237 1314 1206 1269 1214 1408 1244 1212 1125 1376 1368 1182 1437 1173 1429 1115 1499 1389 1353 1160 1208 1076 1500 1298 1424 1522 1218 1054 1148 1287 1153 1347 1549 1335 1202 1389 1295 1125 1328 1169 1081 1120 1307 1223 1194 1311 
1055 1208 1186 1366 1136 1079 1372 1306 1117 1199 1033 1316 1334 1253 1118 1183 1286 1163 1175 1271 1090 1132 1090 1250 1161 1121 1133 1270 1303 1189 1252 1121 1202 1016 1251 1234 1214 1039 1192 984 1159 1250 1361 1358 1202 981 1255 1200 1038 1292 1211 1220 1061 1093 1188 1113 1150 1109 1148 1101 1135 1198 1242 1198 
1189 1131 1236 1270 1414 1042 1383 1306 994 1147 1084 1362 1294 1160 1214 1290 1281 1264 1358 1244 1127 1103 1091 1230 1254 1145 1236 1200 1276 1144 1402 1204 1373 1114 1356 1273 1229 1220 1064 1184 1265 1213 1325 1274 1257 1006 1147 1074 1026 1397 1260 1187 1047 1304 1330 1078 1197 1370 1117 1060 1230 1215 1105 1230 
1148 1192 1459 1447 1350 1096 1641 1536 1237 1388 1032 1440 1432 1443 1333 1275 1365 1264 1399 1226 1234 1265 1288 1342 1330 1256 1187 1408 1375 1113 1556 1291 1443 1244 1341 1412 1316 1138 1287 1124 1385 1219 1292 1451 1259 1045 1233 1336 1011 1416 1383 1436 1215 1309 1465 1264 1281 1339 1236 1196 1325 1430 1241 1444 
896 1115 989 1092 1041 917 1173 1088 904 950 987 1053 1093 1055 941 1004 1098 986 1189 1121 1049 1008 912 1165 1021 991 974 1102 1174 961 1128 1079 1214 888 1148 1087 1020 950 1028 898 1158 984 1068 1166 942 892 1022 1062 1015 1158 1070 1152 1051 1076 1105 974 1004 993 933 943 972 1058 1014 1015 
1077 1209 1212 1183 1184 1014 1431 1268 995 1116 910 1323 1059 1283 1175 1167 1222 1086 1231 1160 1181 1167 1018 1342 1168 1133 1247 1076 1345 1037 1235 1093 1280 940 1192 1304 1310 1105 1193 1053 1238 1126 1186 1220 1240 1044 1093 1210 1002 1161 1148 1282 1074 1278 1235 974 1061 1303 1124 1063 1173 1295 1168 1160 
1302 1141 1418 1395 1335 1121 1332 1496 1133 1371 1080 1385 1331 1455 1234 1399 1306 1257 1593 1258 1202 1110 1170 1466 1307 1186 1161 1339 1365 1059 1431 1111 1486 1159 1395 1402 1321 1212 1054 1142 1313 1221 1168 1364 1337 1035 1203 1317 1050 1524 1245 1536 1014 1242 1310 1203 1357 1340 1145 1172 1355 1241 1159 1292 
1307 1273 1364 1333 1359 1151 1376 1524 1219 1370 1148 1546 1303 1595 1360 1229 1330 1131 1451 1275 1390 1155 1246 1589 1303 1341 1298 1429 1383 1222 1498 1235 1502 1148 1486 1318 1384 1195 1419 1263 1425 1294 1412 1417 1300 1275 1256 1413 1119 1279 1374 1530 1275 1373 1415 1229 1247 1262 1083 1061 1254 1349 1167 1382 
1223 1201 1201 1139 1317 996 1341 1230 1033 1092 1136 1353 1236 1309 1135 1275 1234 1017 1315 1097 1210 1035 1021 1324 1102 1267 1272 1195 1314 1140 1272 1165 1403 1183 1336 1184 1128 1124 1222 1137 1195 1195 1349 1169 1036 1106 1149 1161 1056 1314 1182 1165 1109 1320 1340 1138 1100 1145 1132 954 1156 1178 1047 1115 
