1429 1650 1364 1730 1579 1583 1473 1575 1441 1562 1493 1460 1657 1726 1631 1655 1523 1569 1683 1634 1580 1480 1823 1704 1871 1662 1522 1484 1542 1585 1476 1518 1563 1812 1661 1711 1405 1558 1540 1535 1454 1695 1266 1511 1420 1633 1576 1632 1676 1754 1551 1716 1781 1400 1364 1617 1337 1782 1342 1408 1627 1651 1492 1761 
1110 1323 1133 1334 1241 1362 1120 1461 1168 1319 1292 1211 1271 1498 1349 1215 1409 1244 1330 1349 1396 1200 1427 1392 1542 1305 1220 1166 1243 1228 1241 1369 1157 1453 1232 1226 1139 1214 1342 1242 1308 1416 1157 1209 1339 1282 1270 1394 1329 1429 1297 1189 1379 1040 1270 1263 1157 1453 1080 1097 1313 1300 1364 1444 
1053 1335 1082 1309 1162 1219 1178 1371 1121 1145 1149 1163 1248 1364 1222 1313 1269 1119 1402 1281 1184 1298 1365 1207 1431 1182 1158 1204 1170 1286 1282 1267 1216 1492 1351 1206 1194 1260 1199 1186 1236 1312 1039 1179 1180 1301 1153 1258 1227 1385 1241 1353 1468 1014 1131 1171 1038 1220 988 1053 1216 1320 1212 1304 
1067 1205 1055 1324 1170 1140 1064 1262 1040 1256 1217 1162 1068 1162 1223 974 1108 1112 1171 1158 1215 1009 1295 1209 1459 1221 1242 1146 1216 1118 997 1046 1066 1240 1184 1255 970 1310 1097 1160 1027 1217 918 1123 1147 1223 1167 1280 1269 1242 1076 1250 1271 957 1097 1134 927 1220 997 995 1370 1329 1119 1209 
1137 1320 1135 1433 1194 1309 1138 1283 974 1167 1121 1154 1317 1346 1317 1165 1157 1179 1192 1286 1276 1127 1405 1275 1465 1239 1108 1176 1205 1187 1172 1125 1252 1389 1279 1275 998 1160 1139 1164 1067 1300 960 1199 1168 1226 1165 1382 1194 1382 1152 1269 1337 1194 1204 1262 966 1275 978 1217 1333 1234 1166 1364 
1070 1379 1069 1369 1307 1311 1097 1280 1125 1297 1153 1160 1355 1302 1278 1334 1198 1155 1341 1423 1253 1173 1473 1348 1517 1217 1237 1225 1184 1214 1229 1376 1222 1403 1343 1441 1171 1259 1144 1338 1133 1384 1168 1235 1194 1329 1281 1404 1287 1353 1168 1267 1315 1015 1167 1233 1210 1390 1139 1077 1273 1300 1241 1452 
1149 1476 1119 1417 1326 1353 1187 1498 1292 1266 1248 1334 1484 1403 1370 1304 1325 1111 1308 1433 1231 1376 1412 1277 1631 1287 1304 1242 1290 1430 1311 1255 1239 1620 1510 1466 1281 1313 1303 1344 1272 1412 1247 1375 1285 1514 1352 1387 1415 1520 1267 1338 1459 1056 1385 1227 1139 1320 1135 1129 1299 1356 1186 1607 
966 1387 1246 1374 1337 1378 1373 1578 1282 1421 1327 1263 1259 1307 1481 1379 1277 1306 1394 1410 1385 1305 1509 1434 1558 1346 1203 1399 1471 1275 1197 1492 1251 1472 1332 1528 1311 1365 1323 1375 1170 1477 1028 1348 1453 1450 1236 1543 1497 1533 1268 1375 1477 1167 1372 1298 1150 1523 970 1149 1410 1416 1275 1494 
1147 1371 1088 1348 1332 1342 1130 1279 1131 1252 1244 1315 1151 1366 1244 1156 1295 1226 1372 1362 1313 1221 1416 1354 1441 1326 1068 1114 1422 1237 1198 1148 1173 1330 1131 1209 1038 1235 1187 1301 1142 1453 938 1245 1262 1185 1240 1327 1228 1466 1223 1375 1313 1054 1167 1293 1064 1370 1048 1109 1276 1226 1182 1371 
930 1203 1049 1248 1099 1309 1196 1297 1071 1099 1255 1184 1059 1192 1353 1122 1151 1124 1291 1247 1085 1012 1380 1185 1208 1241 1185 1193 1151 1148 1008 1239 1062 1295 1178 1239 1146 1165 1040 1192 1031 1273 1024 1232 1313 1250 1159 1207 1224 1151 966 1206 1147 831 1077 1084 1025 1269 848 971 1170 1276 1172 1235 
1037 1312 1171 1502 1210 1273 1205 1431 1055 1213 1267 1160 1164 1405 1254 1347 1288 1209 1478 1295 1312 1283 1444 1304 1475 1340 1168 1312 1223 1273 1243 1330 1184 1425 1220 1196 1190 1274 1202 1154 1176 1356 994 1243 1347 1304 1263 1383 1172 1396 1288 1245 1347 949 1173 1161 965 1433 930 1201 1302 1377 1315 1417 
1009 1409 1190 1354 1306 1305 1223 1509 1151 1296 1313 1183 1397 1411 1306 1354 1256 1236 1288 1352 1409 1297 1316 1314 1504 1339 1072 1335 1224 1367 1368 1460 1260 1555 1374 1444 1190 1253 1242 1211 1175 1438 1052 1170 1261 1307 1295 1522 1306 1434 1308 1255 1244 1225 1304 1192 1153 1494 959 1196 1343 1284 1254 1454 
1275 1449 1305 1641 1396 1411 1262 1527 1378 1477 1477 1316 1385 1533 1498 1372 1425 1346 1507 1509 1422 1376 1588 1413 1783 1413 1320 1431 1466 1395 1268 1409 1338 1560 1454 1424 1319 1474 1453 1470 1232 1597 1242 1406 1449 1489 1389 1530 1426 1604 1357 1398 1580 1183 1324 1385 1129 1522 1203 1313 1619 1567 1394 1602 
1067 1319 1143 1379 1209 1363 1264 1389 1105 1223 1269 1135 1259 1310 1304 1274 1260 1229 1362 1299 1303 1147 1496 1377 1547 1309 1153 1126 1219 1226 1157 1348 1277 1442 1277 1234 1092 1220 1137 1245 1218 1313 1016 1283 1348 1300 1387 1334 1355 1463 1243 1343 1440 1134 1273 1235 1081 1414 1031 1127 1302 1315 1297 1309 
1312 1538 1247 1509 1377 1449 1401 1565 1347 1566 1346 1326 1424 1530 1551 1514 1446 1347 1560 1611 1592 1289 1640 1468 1837 1403 1441 1455 1523 1461 1357 1484 1543 1773 1537 1610 1327 1576 1481 1513 1262 1487 1208 1410 1524 1554 1347 1622 1504 1736 1264 1564 1683 1318 1316 1558 1259 1599 1217 1219 1698 1573 1463 1568 
905 1289 1102 1256 1249 1329 1220 1398 1153 1215 1171 1146 1232 1273 1325 1249 1199 1126 1392 1241 1257 1118 1428 1277 1468 1301 1187 1182 1262 1158 1176 1227 1105 1389 1177 1247 1147 1263 1106 1199 1173 1332 922 1234 1242 1245 1164 1221 1321 1329 1119 1272 1319 1059 1205 1174 953 1437 970 999 1290 1260 1122 1305 
1023 1342 1177 1445 1218 1271 1092 1376 1223 1353 1149 1146 1245 1347 1337 1240 1176 1115 1371 1256 1472 1191 1471 1306 1581 1271 1179 1413 1240 1041 1181 1398 1218 1449 1287 1362 1124 1342 1284 1245 1269 1407 1042 1122 1175 1344 1260 1549 1257 1320 1306 1235 1417 1211 1126 1300 1076 1388 986 1126 1332 1263 1260 1417 
1207 1418 1335 1539 1300 1486 1339 1598 1302 1388 1312 1334 1449 1414 1592 1458 1432 1313 1377 1519 1379 1406 1646 1535 1776 1500 1319 1463 1345 1439 1217 1421 1270 1563 1431 1551 1205 1462 1520 1342 1224 1410 1168 1444 1401 1438 1351 1490 1538 1567 1280 1289 1626 1248 1415 1323 1108 1445 1236 1204 1614 1578 1312 1487 
934 1227 842 1331 1159 1113 1161 1277 965 1136 1150 1138 987 1237 1078 926 1154 1127 1159 1228 1138 1135 1399 1155 1514 1295 1018 1097 1176 1046 1107 1213 1164 1283 1174 1044 1041 1141 1105 1203 1058 1294 1036 1024 1214 1187 1091 1278 1116 1270 1198 1146 1179 908 1183 1102 1036 1261 899 1098 1296 1147 1223 1180 
1104 1415 1101 1442 1365 1389 1242 1432 1126 1226 1259 1226 1295 1391 1292 1163 1273 1189 1299 1355 1308 1275 1510 1295 1581 1432 1151 1276 1231 1320 1216 1296 1317 1435 1380 1306 1210 1266 1304 1344 1120 1383 1097 1147 1270 1373 1301 1461 1300 1487 1270 1297 1400 1115 1328 1369 1235 1462 1125 1259 1402 1249 1289 1314 
1196 1514 1277 1549 1574 1427 1388 1583 1405 1449 1360 1457 1397 1487 1527 1459 1454 1329 1538 1544 1374 1443 1711 1341 1707 1442 1272 1475 1600 1483 1460 1481 1436 1655 1494 1558 1370 1406 1376 1431 1318 1560 1196 1334 1444 1528 1406 1516 1467 1657 1325 1423 1625 1191 1467 1394 1126 1537 1259 1303 1599 1612 1368 1677 
1160 1439 1295 1491 1487 1346 1289 1546 1276 1318 1271 1326 1384 1422 1446 1456 1437 1249 1399 1554 1312 1410 1604 1326 1686 1397 1345 1450 1419 1574 1390 1419 1281 1569 1493 1540 1310 1357 1405 1407 1139 1461 1155 1258 1357 1467 1290 1518 1391 1555 1285 1328 1597 1122 1380 1367 1269 1486 1130 1175 1487 1511 1369 1572 
1131 1500 1183 1454 1333 1357 1231 1382 1235 1251 1336 1257 1316 1309 1378 1273 1306 1226 1394 1289 1315 1276 1532 1322 1536 1334 1306 1260 1344 1281 1328 1329 1155 1467 1274 1337 1075 1289 1159 1310 1306 1455 1015 1342 1273 1370 1247 1313 1301 1301 1163 1396 1374 1109 1273 1182 1047 1389 1054 1222 1289 1386 1310 1443 
1199 1442 1145 1484 1204 1384 1282 1473 1241 1337 1229 1285 1240 1470 1338 1353 1267 1374 1467 1516 1332 1188 1651 1513 1569 1465 1298 1339 1385 1320 1180 1309 1240 1531 1433 1407 1214 1325 1296 1294 1132 1371 1103 1271 1338 1285 1222 1535 1390 1521 1260 1474 1569 1174 1282 1430 1206 1477 1058 1107 1521 1383 1387 1339 
1135 1420 1174 1378 1266 1336 1338 1454 1238 1372 1284 1320 1369 1398 1409 1386 1228 1379 1299 1420 1369 1294 1478 1403 1700 1375 1195 1357 1396 1266 1233 1382 1306 1652 1309 1543 1166 1392 1343 1444 1163 1429 1038 1399 1458 1440 1345 1401 1496 1520 1311 1418 1444 1266 1291 1245 1130 1468 963 1194 1369 1310 1297 1384 
1096 1379 1156 1346 1298 1269 1212 1297 1201 1315 1096 1227 1318 1314 1285 1302 1339 1172 1394 1380 1288 1124 1490 1315 1464 1364 1200 1305 1350 1249 1304 1277 1212 1490 1265 1399 1196 1338 1287 1203 1244 1383 1061 1237 1199 1264 1280 1376 1374 1455 1263 1268 1386 1133 1152 1309 1100 1322 1024 1077 1377 1486 1302 1431 
1164 1507 1245 1423 1314 1415 1266 1398 1232 1423 1440 1327 1294 1522 1357 1223 1321 1343 1548 1420 1412 1223 1546 1393 1520 1405 1159 1406 1313 1294 1289 1391 1275 1452 1221 1289 1204 1358 1283 1271 1297 1457 1112 1190 1430 1378 1325 1600 1241 1520 1283 1426 1384 1164 1347 1291 1121 1508 1050 1217 1375 1411 1304 1586 
1099 1298 1298 1424 1258 1314 1199 1424 1137 1419 1326 1080 1171 1381 1388 1345 1230 1300 1408 1226 1361 1160 1451 1385 1516 1365 1287 1238 1280 1255 1283 1355 1247 1469 1376 1436 1253 1377 1095 1228 1166 1481 1069 1259 1391 1412 1363 1508 1391 1330 1286 1360 1457 1116 1216 1262 1079 1576 1058 1185 1387 1366 1386 1471 
1060 1399 1204 1460 1385 1465 1410 1541 1306 1369 1225 1305 1451 1420 1537 1389 1272 1277 1381 1358 1304 1279 1502 1400 1562 1471 1241 1380 1414 1319 1232 1361 1280 1569 1431 1509 1275 1389 1405 1358 1189 1605 1031 1271 1353 1513 1283 1475 1392 1468 1233 1390 1378 1260 1358 1256 1111 1582 1060 1252 1413 1372 1214 1608 
993 1275 1038 1264 1109 1303 1240 1339 1151 1171 1136 1101 1251 1262 1321 1259 1171 1068 1254 1294 1186 1012 1496 1275 1397 1368 1111 1243 1158 1192 995 1161 1097 1467 1314 1310 1058 1279 1251 1189 985 1299 990 1189 1229 1262 1219 1273 1171 1307 1079 1268 1285 1145 1134 1211 873 1275 943 1053 1367 1319 1060 1249 
1015 1343 1165 1346 1218 1226 1242 1287 1079 1138 1366 1049 1248 1343 1353 1274 1250 1189 1284 1233 1120 1198 1374 1190 1431 1304 1194 1235 1068 1176 1221 1269 1161 1341 1336 1351 1097 1309 1165 1305 1016 1338 1076 1288 1252 1331 1231 1299 1268 1230 1127 1305 1342 1049 1155 1195 1020 1414 887 1120 1198 1362 1301 1357 
1002 1417 1174 1418 1330 1405 1105 1335 1294 1274 1042 1219 1312 1325 1388 1276 1251 1144 1362 1335 1316 1252 1565 1294 1482 1377 1152 1339 1360 1268 1292 1336 1234 1422 1340 1386 1195 1260 1274 1316 1247 1450 1021 1130 1171 1435 1254 1428 1310 1373 1225 1167 1446 1138 1198 1283 1217 1324 1132 1153 1290 1319 1161 1502 
1049 1260 1069 1304 1297 1167 1263 1432 1155 1292 1303 1275 1139 1224 1196 1273 1326 1181 1364 1387 1093 1324 1407 1267 1481 1296 1154 1263 1288 1313 1247 1218 1158 1479 1250 1307 1199 1190 1146 1216 1163 1416 1090 1299 1413 1360 1166 1397 1222 1401 1193 1279 1327 980 1236 1091 1022 1352 914 1161 1308 1290 1217 1458 
1111 1358 1182 1374 1319 1505 1322 1454 1180 1401 1262 1311 1268 1460 1496 1331 1302 1334 1398 1464 1313 1314 1559 1398 1625 1534 1195 1336 1345 1311 1315 1368 1371 1669 1345 1417 1131 1332 1307 1305 1250 1520 1034 1376 1352 1404 1352 1497 1434 1430 1099 1375 1456 1224 1226 1353 1105 1465 1133 1114 1408 1214 1318 1400 
1063 1208 1140 1240 1137 1394 1213 1275 1139 1363 1225 1151 1248 1243 1395 1230 1260 1139 1233 1322 1340 1140 1418 1266 1453 1374 1268 1237 1291 1384 1159 1271 1193 1518 1181 1367 1181 1298 1277 1109 1095 1255 1120 1275 1216 1339 1279 1235 1441 1323 1107 1164 1292 1128 1106 1137 983 1410 1052 967 1326 1376 1257 1242 
1129 1707 1312 1549 1458 1490 1403 1536 1349 1479 1424 1359 1538 1588 1504 1485 1467 1351 1533 1429 1445 1327 1718 1434 1644 1465 1267 1329 1410 1535 1519 1444 1349 1734 1516 1521 1279 1456 1389 1461 1335 1554 1098 1427 1415 1548 1371 1530 1525 1605 1325 1494 1560 1275 1415 1465 1204 1597 1153 1282 1492 1644 1407 1681 
1082 1489 1217 1367 1451 1439 1251 1501 1362 1292 1281 1355 1355 1478 1451 1477 1386 1209 1485 1454 1379 1301 1535 1319 1500 1411 1137 1405 1400 1409 1393 1414 1232 1632 1439 1460 1278 1371 1304 1351 1275 1507 1081 1219 1271 1372 1384 1522 1379 1538 1307 1432 1421 1175 1271 1409 1289 1521 1014 1194 1330 1377 1286 1578 
1154 1435 1294 1716 1420 1442 1415 1436 1292 1500 1235 1308 1402 1340 1413 1495 1261 1481 1526 1535 1466 1362 1816 1686 1744 1514 1397 1517 1480 1380 1344 1454 1403 1691 1377 1586 1346 1374 1330 1415 1339 1522 1203 1460 1525 1563 1361 1602 1501 1599 1469 1404 1556 1311 1350 1350 1200 1632 1141 1251 1514 1418 1417 1603 
967 1419 1060 1418 1369 1363 1357 1528 1241 1247 1205 1301 1294 1319 1376 1347 1442 1236 1367 1568 1230 1232 1563 1292 1628 1428 1163 1333 1409 1361 1251 1316 1282 1584 1390 1411 1167 1338 1371 1463 1122 1327 1274 1253 1307 1408 1329 1413 1351 1514 1133 1228 1406 1077 1324 1351 1160 1459 1022 1134 1464 1381 1231 1454 
1054 1351 1022 1281 1162 1344 1178 1450 1155 1242 1177 1217 1242 1468 1354 1191 1210 1091 1218 1323 1172 1171 1431 1233 1532 1244 1178 1150 1215 1231 1146 1228 1236 1516 1407 1293 1106 1284 1195 1254 1152 1485 1039 1122 1321 1285 1111 1372 1252 1337 1095 1196 1386 978 1277 1233 1032 1234 984 1168 1257 1300 1107 1387 
1148 1352 1239 1323 1181 1235 1241 1548 1130 1315 1267 1318 1205 1399 1290 1261 1349 1174 1350 1271 1247 1209 1402 1237 1525 1300 1145 1262 1264 1351 1297 1312 1208 1541 1307 1384 1099 1271 1228 1115 1133 1494 1054 1166 1306 1304 1204 1386 1374 1301 1116 1334 1394 1177 1239 1223 1164 1499 941 1190 1399 1382 1394 1378 
1305 1434 1379 1540 1426 1483 1385 1463 1230 1345 1337 1403 1373 1494 1477 1309 1376 1446 1407 1508 1458 1298 1652 1507 1703 1476 1417 1408 1424 1555 1307 1321 1303 1719 1397 1357 1303 1471 1361 1389 1250 1504 1038 1335 1495 1453 1387 1446 1358 1581 1351 1517 1515 1245 1226 1459 1140 1517 1195 1307 1589 1576 1338 1563 
1168 1388 1252 1454 1375 1304 1139 1456 1271 1361 1334 1305 1302 1466 1410 1303 1322 1332 1372 1361 1407 1283 1438 1324 1602 1314 1260 1326 1477 1369 1316 1240 1383 1486 1305 1471 1308 1329 1187 1333 1217 1485 1090 1331 1338 1423 1280 1428 1485 1475 1370 1371 1519 1201 1301 1343 1203 1562 1105 1292 1423 1270 1339 1562 
1034 1172 1043 1246 1019 1131 1090 1257 1185 1132 1109 1183 1271 1206 1124 1113 1225 1135 1197 1217 1114 1121 1252 1262 1374 1196 1020 1101 1170 1143 1012 1062 999 1318 1150 1175 1071 1138 1133 1061 1122 1298 971 1163 1182 1130 1110 1218 1128 1322 1094 1158 1281 1015 1218 1071 903 1247 928 1075 1227 1074 1059 1278 
960 1292 1069 1180 1181 1304 1083 1406 1246 1218 1176 1146 1228 1429 1395 1170 1065 1037 1241 1383 1220 1150 1390 1188 1385 1217 1233 1268 1114 1225 1069 1271 1151 1449 1381 1330 1185 1330 1224 1217 1099 1317 1089 1161 1224 1310 1105 1378 1261 1374 1155 1237 1327 970 1170 1069 1020 1246 1038 979 1315 1289 1091 1393 
1259 1447 1211 1529 1356 1344 1137 1433 1256 1315 1327 1314 1385 1439 1429 1318 1391 1198 1349 1475 1400 1392 1575 1369 1780 1392 1377 1340 1352 1360 1236 1343 1286 1540 1470 1420 1190 1478 1290 1467 1254 1483 1183 1425 1405 1448 1363 1347 1392 1507 1295 1353 1627 1075 1211 1254 1062 1354 1259 1296 1511 1491 1269 1473 
1280 1484 1393 1496 1493 1617 1467 1610 1437 1411 1397 1300 1438 1476 1612 1458 1375 1370 1481 1538 1454 1321 1677 1485 1704 1618 1421 1505 1475 1459 1247 1422 1379 1642 1524 1635 1328 1467 1468 1423 1225 1573 1209 1353 1346 1526 1431 1540 1575 1590 1305 1506 1613 1328 1398 1444 1224 1685 1224 1164 1616 1499 1346 1540 
1144 1423 1260 1441 1418 1346 1208 1498 1384 1504 1296 1357 1442 1417 1367 1354 1236 1344 1478 1535 1453 1257 1509 1486 1677 1266 1281 1394 1431 1380 1251 1373 1217 1551 1291 1430 1045 1390 1278 1252 1299 1411 1145 1242 1271 1323 1415 1605 1524 1616 1368 1360 1335 1250 1312 1375 1191 1523 957 1197 1388 1408 1297 1508 
1114 1327 1105 1426 1234 1143 1302 1419 1165 1320 1182 1184 1298 1239 1212 1303 1315 1194 1419 1352 1246 1229 1490 1386 1442 1338 1281 1203 1234 1344 1145 1350 1261 1496 1351 1466 1164 1297 1267 1193 1177 1406 1053 1209 1251 1242 1253 1467 1363 1366 1238 1346 1370 1142 1236 1303 1074 1341 1006 1066 1355 1316 1284 1270 
1201 1416 1300 1540 1393 1394 1310 1461 1221 1389 1320 1291 1276 1390 1408 1378 1356 1394 1393 1471 1431 1270 1557 1478 1703 1339 1349 1396 1479 1405 1297 1344 1329 1484 1269 1469 1182 1371 1344 1301 1108 1388 1088 1252 1325 1402 1182 1522 1482 1582 1238 1364 1552 1183 1351 1404 1337 1559 1094 1120 1486 1518 1454 1517 
1091 1314 1149 1364 1238 1398 1285 1433 1231 1266 1325 1171 1381 1407 1498 1305 1286 1177 1243 1356 1368 1342 1475 1273 1579 1369 1306 1303 1314 1333 1224 1408 1199 1606 1515 1395 1183 1366 1264 1362 1166 1418 1150 1352 1339 1338 1399 1368 1484 1374 1246 1311 1480 1113 1173 1285 943 1353 1006 1208 1302 1360 1245 1233 
1188 1472 1293 1493 1394 1331 1262 1616 1267 1572 1293 1372 1328 1469 1373 1265 1314 1323 1494 1460 1547 1252 1629 1446 1752 1431 1443 1368 1490 1296 1345 1469 1462 1548 1414 1492 1247 1410 1333 1310 1328 1454 1164 1352 1292 1565 1323 1681 1488 1541 1353 1499 1538 1242 1262 1371 1231 1610 1185 1206 1536 1408 1443 1560 
1114 1285 1139 1432 1203 1261 1112 1318 1194 1219 1078 1190 1468 1315 1301 1286 1307 1175 1284 1400 1244 1045 1413 1358 1508 1148 1165 1198 1371 1201 1156 1136 1111 1437 1280 1370 1181 1236 1245 1322 1108 1337 1111 1289 1310 1215 1289 1385 1161 1504 1311 1160 1316 1183 1313 1290 997 1336 967 1202 1318 1296 1185 1455 
1146 1242 952 1147 1046 1194 1057 1287 1086 1152 1136 1226 1098 1373 1190 1160 1129 1196 1330 1283 1237 999 1351 1251 1388 1253 1157 1161 1220 1240 1072 1127 1131 1398 1180 1249 1082 1213 1029 987 1118 1247 941 1016 1226 1152 1135 1352 1083 1389 1122 1334 1218 966 1142 1136 979 1345 918 1021 1212 1146 1092 1330 
992 1277 1091 1346 1214 1249 989 1352 1068 1249 1152 1076 1116 1272 1271 1132 1224 1145 1177 1302 1203 1108 1414 1350 1491 1248 1270 1109 1163 1255 1156 1197 1155 1431 1318 1212 991 1166 1078 1178 1110 1347 1028 1153 1256 1338 1107 1361 1162 1247 1130 1248 1326 1090 1101 1167 1116 1319 1024 1129 1341 1311 1278 1488 
888 1269 943 1324 1145 1179 1080 1208 1006 1014 1136 1087 1163 1267 1170 1225 1122 1016 1210 1231 1127 1129 1402 1214 1330 1327 1040 1210 1080 1122 1030 1113 1076 1348 1165 1244 939 1197 1137 1144 979 1196 861 1136 1051 1153 1139 1309 1093 1299 1105 1174 1228 1007 1113 1259 906 1220 905 1012 1203 1147 1118 1213 
1195 1644 1341 1577 1480 1552 1515 1693 1440 1524 1467 1360 1487 1550 1592 1585 1461 1402 1648 1628 1458 1490 1739 1529 1742 1560 1479 1526 1621 1419 1504 1578 1507 1783 1524 1629 1422 1572 1440 1594 1430 1541 1343 1680 1558 1664 1450 1579 1616 1648 1442 1570 1792 1371 1464 1321 1125 1680 1270 1342 1627 1552 1553 1563 
1056 1277 910 1237 1133 1240 1134 1303 1049 1189 1108 1137 1170 1316 1224 1133 1242 1073 1296 1257 1138 995 1360 1209 1314 1203 1244 1032 1212 1143 1112 1018 1056 1418 1294 1273 1102 1179 1110 1208 1078 1283 982 1176 1171 1243 1094 1185 1165 1293 1069 1257 1222 942 1075 1307 951 1257 925 931 1189 1202 1122 1343 
991 1272 1105 1327 1216 1277 1080 1380 1149 1193 1268 1139 1275 1454 1269 1295 1256 1128 1359 1413 1201 1192 1344 1275 1480 1253 1161 1218 1189 1211 1225 1394 1228 1398 1323 1262 1191 1259 1162 1113 1152 1414 1099 1259 1160 1226 1148 1358 1266 1433 1184 1263 1434 981 1108 1074 1101 1444 992 1117 1308 1411 1323 1454 
882 1309 1105 1277 1147 1226 1096 1309 1135 1130 1103 1130 1187 1173 1270 1185 1134 1143 1211 1180 1188 1081 1312 1254 1311 1152 981 1216 1139 1169 1111 1270 1073 1305 1224 1282 969 1136 1120 1167 1076 1236 963 1164 1222 1153 1186 1318 1325 1274 1057 1216 1244 1010 1201 1123 1063 1252 818 1030 1104 1264 1188 1224 
1192 1479 1307 1367 1430 1379 1245 1501 1385 1465 1382 1441 1403 1551 1473 1368 1437 1359 1553 1565 1434 1399 1577 1387 1700 1478 1338 1471 1422 1407 1339 1500 1345 1714 1361 1476 1312 1372 1335 1368 1391 1508 1195 1368 1371 1414 1431 1540 1507 1539 1351 1433 1499 1265 1262 1456 1202 1609 1073 1144 1425 1370 1399 1555 
1259 1438 1197 1485 1245 1339 1333 1610 1336 1485 1293 1368 1339 1454 1413 1408 1394 1387 1576 1504 1304 1356 1540 1506 1682 1336 1400 1234 1517 1390 1263 1455 1233 1653 1434 1496 1371 1369 1305 1305 1303 1542 1310 1459 1394 1544 1340 1451 1510 1556 1329 1422 1547 1074 1378 1268 1183 1525 1091 1132 1401 1436 1424 1575 
1079 1213 1003 1270 1154 1205 1216 1314 1141 1223 1231 1243 1146 1306 1303 1146 1221 1275 1198 1235 1250 1132 1388 1267 1536 1262 1140 1100 1325 1156 1096 1215 1154 1477 1194 1308 1109 1236 1140 1171 1118 1227 958 1160 1175 1252 1220 1273 1353 1375 1202 1203 1361 1044 1136 1249 973 1355 960 1092 1253 1238 1145 1252 
1064 1266 1163 1360 1312 1329 1326 1388 1205 1285 1217 1180 1286 1319 1490 1422 1224 1253 1307 1448 1135 1126 1561 1270 1627 1313 1253 1351 1387 1199 1158 1244 1238 1552 1310 1440 1167 1394 1270 1432 1005 1310 1028 1399 1432 1384 1204 1276 1262 1478 1104 1381 1477 1234 1264 1229 915 1501 1080 1111 1482 1338 1319 1493 
