7 7 8 6 7 4 6 6 5 4 1 8 1 0 6 5
4 5 6 7 1 7 5 1 5 3 3 4 0 1 8 8
2 5 1 8 0 4 5 0 8 7 1 0 4 2 7 9
7 0 9 4 3 9 6 3 7 4 9 7 9 8 0 0
6 4 3 6 9 4 6 1 8 8 0 0 8 6 4 8
3 9 4 8 7 0 3 7 4 4 5 4 0 7 8 6
6 4 5 6 1 7 0 9 6 2 3 3 8 9 9 6
0 1 8 5 4 1 0 9 5 2 8 4 6 9 5 4
9 2 2 4 3 1 8 5 0 1 8 6 6 1 6 8
5 5 1 0 5 3 6 7 9 5 3 4 7 6 3 3
6 9 3 2 4 4 2 7 3 9 6 6 3 0 5 5
4 8 6 1 9 1 9 8 8 8 5 5 9 5 1 2
4 8 4 3 8 9 2 1 0 4 7 6 9 8 4 7
3 6 4 8 8 9 9 7 5 1 1 7 6 8 7 5
1 1 5 1 3 9 8 1 3 2 4 6 2 0 3 0
6 2 2 2 4 8 7 9 1 3 8 7 8 6 2 7
