4 7 9 8 1 4 7 9 4 8 7 3 6 7 5 8
0 8 2 2 7 3 5 6 5 9 0 9 3 3 6 8
2 2 2 4 7 6 1 7 6 2 1 7 8 4 9 2
2 5 6 5 3 0 3 8 9 1 8 4 1 4 7 7
4 9 5 7 5 5 8 2 1 5 8 7 3 5 5 8
5 0 4 0 5 1 6 6 7 8 6 7 9 3 1 8
7 1 2 4 9 5 2 8 4 0 4 5 5 3 8 9
9 0 4 8 5 4 0 0 1 9 9 2 5 3 1 2
0 0 7 3 5 4 0 9 9 3 0 8 5 5 2 3
9 0 9 9 2 9 0 8 5 1 9 1 7 5 6 9
4 1 8 9 7 3 7 9 7 1 0 5 6 6 8 5
4 6 8 8 5 2 0 0 1 1 3 9 7 7 6 3
5 5 6 2 3 7 8 0 1 1 8 8 1 1 2 9
5 8 1 8 2 4 8 3 9 0 2 2 8 6 0 3
1 0 9 6 8 5 2 1 7 7 8 2 9 5 3 3
6 7 9 3 3 3 9 2 7 1 6 1 8 0 7 4
