8 3 4 1 5 0 2 9 8 6 0 8 2 0 1 6
1 7 9 3 8 6 7 4 1 4 2 6 8 4 0 3
0 5 5 7 8 5 2 5 3 0 6 3 3 8 1 8
8 0 7 9 7 5 3 3 6 8 3 0 9 2 2 0
0 2 0 4 9 2 6 8 1 1 5 1 7 3 0 1
1 2 6 2 8 2 2 1 2 1 6 8 1 2 6 6
6 0 7 7 2 8 3 5 0 5 1 0 8 3 6 1
0 5 3 9 7 7 3 1 4 1 5 6 3 0 7 6
7 6 7 9 0 6 6 1 4 4 5 2 7 5 7 9
5 1 9 8 2 3 5 4 4 3 0 3 5 3 2 4
8 6 4 5 1 4 5 1 3 4 0 3 6 1 2 1
5 6 7 4 9 3 8 4 3 0 0 0 8 6 4 2
6 8 8 5 2 4 1 4 2 0 8 0 5 1 9 2
4 4 7 9 3 0 3 0 2 5 8 5 3 0 2 4
4 8 7 3 1 2 7 6 5 2 0 9 0 5 1 5
9 6 1 6 5 8 3 6 1 0 1 8 1 0 9 5
