0 6 3 9 9 7 6 8 2 4 2 3 1 4 6 0
8 7 3 7 2 9 5 7 9 2 5 2 6 9 2 2
7 4 9 8 1 5 1 3 9 0 3 6 4 1 9 4
1 1 8 6 2 1 1 8 0 0 0 6 0 9 0 9
9 2 2 2 6 4 0 0 4 0 5 5 5 7 2 8
6 2 8 9 1 8 6 6 7 6 5 9 8 8 0 5
5 1 5 6 0 5 1 3 0 9 0 3 1 3 9 3
5 6 6 3 9 3 7 1 6 8 0 4 8 1 4 3
8 3 6 6 9 9 5 5 5 8 2 4 7 1 2 7
6 5 6 6 4 4 6 3 2 7 3 8 2 6 1 2
9 5 3 0 5 6 5 7 2 8 7 9 3 3 5 4
7 9 2 3 1 9 0 1 9 1 9 9 9 2 8 6
1 7 8 6 6 6 6 6 0 7 0 6 2 3 9 1
0 1 3 6 0 0 2 1 4 4 9 1 0 7 3 3
8 4 6 6 5 5 8 2 3 0 3 0 3 5 8 0
8 5 3 4 6 7 4 1 9 3 8 7 9 1 0 9
